0 0.024 0.5085714285714286 0.048 0.3028571428571429
0 0.035 0.5042857142857143 0.07 0.28285714285714286
0 0.078 0.4928571428571429 0.08 0.2885714285714286
0 0.123 0.51 0.09 0.32285714285714284
0 0.185 0.5 0.058 0.21142857142857144
0 0.217 0.4857142857142857 0.05 0.17714285714285713
0 0.262 0.48 0.08 0.28
0 0.306 0.5185714285714286 0.088 0.31142857142857144
0 0.343 0.4957142857142857 0.066 0.23142857142857143
0 0.376 0.48 0.056 0.2
0 0.418 0.5271428571428571 0.088 0.3171428571428571
0 0.5 0.5085714285714286 0.084 0.3028571428571429
0 0.527 0.49714285714285716 0.082 0.2914285714285714
0 0.5760000000000001 0.49 0.068 0.24285714285714285
0 0.61 0.48428571428571426 0.064 0.2257142857142857
0 0.654 0.4785714285714286 0.06 0.22
0 0.671 0.4828571428571429 0.066 0.22857142857142856
0 0.721 0.4857142857142857 0.078 0.2742857142857143
0 0.776 0.4928571428571429 0.076 0.26571428571428574
0 0.8140000000000001 0.5 0.092 0.32
0 0.899 0.5114285714285715 0.094 0.33714285714285713
0 0.92 0.4957142857142857 0.08 0.2885714285714286
0 0.9380000000000001 0.48714285714285716 0.07200000000000001 0.26
0 0.9530000000000001 0.48714285714285716 0.078 0.2714285714285714
0 0.974 0.48714285714285716 0.052000000000000005 0.27714285714285714
