0 0.844 0.6623616236162362 0.14400000000000002 0.6457564575645757
0 0.9560000000000001 0.7029520295202952 0.088 0.5867158671586715
0 0.746 0.6642066420664207 0.148 0.6715867158671587
0 0.517 0.6457564575645757 0.15 0.6715867158671587
0 0.435 0.6439114391143911 0.146 0.6678966789667896
0 0.297 0.6974169741697417 0.134 0.6051660516605166
0 0.124 0.6309963099630996 0.156 0.7084870848708487
0 0.203 0.6771217712177121 0.134 0.6162361623616236
0 0.366 0.6512915129151291 0.14400000000000002 0.6531365313653137
0 0.5760000000000001 0.5977859778597786 0.10400000000000001 0.4797047970479705
0 0.033 0.6715867158671587 0.066 0.5239852398523985
0 0.368 0.3081180811808118 0.02 0.09225092250922509
0 0.52 0.25830258302583026 0.012 0.06642066420664207
