0 0.16469428007889547 0.6837060702875399 0.13214990138067062 0.523961661341853
0 0.2366863905325444 0.7300319488817891 0.10650887573964497 0.4185303514376997
0 0.39250493096646943 0.6613418530351437 0.10650887573964497 0.4217252396166134
0 0.4220907297830375 0.6405750798722044 0.07100591715976332 0.28434504792332266
0 0.5473372781065089 0.645367412140575 0.07297830374753451 0.2939297124600639
0 0.970414201183432 0.6389776357827476 0.0591715976331361 0.268370607028754
0 0.9674556213017752 0.2220447284345048 0.05325443786982249 0.2204472843450479
0 0.9289940828402368 0.4488817891373802 0.0591715976331361 0.23961661341853036
0 0.9072978303747535 0.4456869009584664 0.0591715976331361 0.23961661341853036
0 0.8520710059171598 0.4472843450479233 0.05522682445759369 0.22364217252396165
0 0.9201183431952663 0.2268370607028754 0.04930966469428008 0.20447284345047922
0 0.92603550295858 0.2955271565495208 0.04142011834319527 0.1693290734824281
0 0.9013806706114399 0.2939297124600639 0.04339250493096647 0.17252396166134185
0 0.8767258382642998 0.292332268370607 0.045364891518737675 0.18210862619808305
0 0.8422090729783038 0.2971246006389776 0.04733727810650888 0.19808306709265175
0 0.8136094674556213 0.3035143769968051 0.045364891518737675 0.1853035143769968
0 0.782051282051282 0.3083067092651757 0.04142011834319527 0.1757188498402556
0 0.7495069033530573 0.30511182108626195 0.04733727810650888 0.18849840255591055
0 0.7297830374753452 0.3035143769968051 0.05128205128205129 0.20447284345047922
0 0.7001972386587771 0.30990415335463256 0.05128205128205129 0.2108626198083067
0 0.6341222879684418 0.30990415335463256 0.05325443786982249 0.21725239616613418
0 0.591715976331361 0.3738019169329073 0.0631163708086785 0.24920127795527156
0 0.8362919132149902 0.21884984025559104 0.05522682445759369 0.2268370607028754
0 0.6666666666666667 0.3083067092651757 0.05128205128205129 0.21405750798722045
0 0.5591715976331362 0.24440894568690094 0.04930966469428008 0.2012779552715655
0 0.5374753451676529 0.33386581469648563 0.05325443786982249 0.20766773162939295
0 0.5138067061143985 0.30990415335463256 0.05325443786982249 0.21725239616613418
0 0.4773175542406312 0.3035143769968051 0.05522682445759369 0.22364217252396165
0 0.44181459566074954 0.2364217252396166 0.04339250493096647 0.17891373801916932
0 0.4151873767258383 0.24920127795527156 0.045364891518737675 0.17891373801916932
0 0.38362919132149903 0.25878594249201275 0.045364891518737675 0.17891373801916932
0 0.33037475345167655 0.23322683706070285 0.045364891518737675 0.17891373801916932
0 0.27317554240631164 0.29073482428115016 0.04142011834319527 0.17252396166134185
0 0.25542406311637084 0.28594249201277955 0.04142011834319527 0.1757188498402556
0 0.22781065088757396 0.2779552715654952 0.04930966469428008 0.19169329073482427
0 0.19723865877712032 0.26357827476038337 0.04339250493096647 0.1693290734824281
0 0.17061143984220908 0.25559105431309903 0.04930966469428008 0.19808306709265175
0 0.16765285996055226 0.38178913738019166 0.05128205128205129 0.2012779552715655
0 0.1351084812623274 0.3961661341853035 0.04930966469428008 0.19169329073482427
0 0.11143984220907298 0.3913738019169329 0.05325443786982249 0.20766773162939295
0 0.08086785009861934 0.402555910543131 0.04339250493096647 0.17252396166134185
0 0.10946745562130178 0.268370607028754 0.04142011834319527 0.16613418530351437
0 0.07100591715976332 0.3083067092651757 0.05128205128205129 0.21405750798722045
0 0.08777120315581854 0.2715654952076677 0.04930966469428008 0.19169329073482427
0 0.05719921104536489 0.24281150159744408 0.04733727810650888 0.1853035143769968
0 0.01676528599605523 0.5303514376996805 0.03353057199211046 0.2364217252396166
0 0.02465483234714004 0.5255591054313099 0.04930966469428008 0.23322683706070285
