0 0.2271676300578035 0.6399176954732511 0.1606936416184971 0.7037037037037037
0 0.42196531791907516 0.7139917695473251 0.1294797687861272 0.5679012345679013
0 0.5098265895953757 0.7294238683127573 0.12023121387283238 0.52880658436214
0 0.6780346820809249 0.6337448559670782 0.1653179190751445 0.720164609053498
0 0.5716763005780348 0.6604938271604939 0.15375722543352602 0.6707818930041153
0 0.09190751445086706 0.4763374485596708 0.07514450867052024 0.3271604938271605
0 0.1630057803468208 0.425925925925926 0.0647398843930636 0.27983539094650206
0 0.13121387283236996 0.44341563786008237 0.03815028901734104 0.16666666666666669
0 0.7907514450867053 0.47427983539094654 0.043930635838150295 0.1954732510288066
0 0.8219653179190752 0.47942386831275724 0.05780346820809249 0.25102880658436216
0 0.9156069364161851 0.4711934156378601 0.05780346820809249 0.2551440329218107
0 0.9693641618497111 0.5154320987654322 0.06127167630057804 0.30658436213991774
0 0.8924855491329481 0.45679012345679015 0.04161849710982659 0.1851851851851852
