0 0.33788395904436863 0.6559278350515464 0.11945392491467577 0.4458762886597938
0 0.44197952218430037 0.643041237113402 0.11262798634812286 0.42010309278350516
0 0.613481228668942 0.6353092783505154 0.10409556313993173 0.38917525773195877
0 0.7030716723549488 0.6224226804123711 0.10580204778156997 0.38917525773195877
0 0.7807167235494881 0.6146907216494846 0.08703071672354949 0.327319587628866
0 0.856655290102389 0.6108247422680412 0.09215017064846416 0.3402061855670103
0 0.9274744027303754 0.5734536082474226 0.08703071672354949 0.32216494845360827
0 0.9581911262798635 0.5811855670103092 0.07679180887372014 0.2912371134020619
0 0.7414675767918089 0.595360824742268 0.07679180887372014 0.28350515463917525
0 0.5341296928327645 0.615979381443299 0.08191126279863481 0.30412371134020616
0 0.575938566552901 0.604381443298969 0.07679180887372014 0.2912371134020619
0 0.28242320819112626 0.6378865979381443 0.10068259385665529 0.3685567010309278
0 0.22525597269624573 0.6353092783505154 0.10580204778156997 0.3994845360824742
0 0.15955631399317408 0.6378865979381443 0.10068259385665529 0.37371134020618557
0 0.11860068259385666 0.645618556701031 0.11092150170648464 0.4149484536082474
0 0.040955631399317405 0.6533505154639175 0.08191126279863481 0.3994845360824742
0 0.09726962457337884 0.5966494845360825 0.08532423208191127 0.3170103092783505
0 0.40273037542662116 0.6198453608247423 0.09556313993174062 0.3530927835051546
0 0.6493174061433448 0.604381443298969 0.07337883959044368 0.2706185567010309
0 0.9052901023890785 0.5850515463917526 0.06655290102389079 0.25257731958762886
