0 0.7625160462130937 0.7340862422997947 0.11296534017971757 0.4414784394250513
0 0.5077021822849808 0.7505133470225873 0.06290115532734274 0.24435318275154005
0 0.465982028241335 0.7320328542094456 0.09242618741976893 0.3593429158110883
0 0.4268292682926829 0.7474332648870636 0.055198973042362 0.22176591375770022
0 0.38960205391527597 0.74435318275154 0.06546854942233632 0.2607802874743327
0 0.3183568677792041 0.742299794661191 0.056482670089858786 0.22792607802874745
0 0.28241335044929394 0.7392197125256674 0.07188703465982027 0.2833675564681725
0 0.11810012836970474 0.74435318275154 0.06161745827984595 0.2402464065708419
0 0.15532734274711166 0.742299794661191 0.0693196405648267 0.2731006160164271
0 0.22336328626444157 0.7361396303901437 0.06161745827984595 0.24435318275154005
0 0.537227214377407 0.74435318275154 0.011553273427471117 0.051334702258726904
0 0.5442875481386392 0.7412731006160165 0.010269576379974325 0.04106776180698152
0 0.5500641848523748 0.7412731006160165 0.008985879332477534 0.03696098562628337
0 0.5590500641848524 0.74435318275154 0.008985879332477534 0.034907597535934295
0 0.5667522464698331 0.7453798767967146 0.011553273427471117 0.045174537987679675
0 0.569961489088575 0.742299794661191 0.005134788189987163 0.026694045174537988
0 0.5776636713735558 0.74435318275154 0.007702182284980744 0.034907597535934295
0 0.5860077021822849 0.742299794661191 0.008985879332477534 0.034907597535934295
0 0.5930680359435173 0.7412731006160165 0.012836970474967907 0.053388090349075976
0 0.5982028241335045 0.742299794661191 0.010269576379974325 0.043121149897330596
0 0.6059050064184852 0.7433264887063655 0.012836970474967907 0.049281314168377825
0 0.6174582798459564 0.7433264887063655 0.012836970474967907 0.049281314168377825
0 0.634788189987163 0.74435318275154 0.011553273427471117 0.04722792607802875
0 0.6412066752246469 0.74435318275154 0.011553273427471117 0.04722792607802875
0 0.6482670089858793 0.742299794661191 0.012836970474967907 0.051334702258726904
0 0.6572528883183568 0.7464065708418891 0.012836970474967907 0.051334702258726904
0 0.6636713735558408 0.7453798767967146 0.010269576379974325 0.045174537987679675
0 0.6694480102695763 0.7453798767967146 0.011553273427471117 0.045174537987679675
0 0.6732991014120667 0.7412731006160165 0.011553273427471117 0.049281314168377825
0 0.6790757381258022 0.74435318275154 0.010269576379974325 0.043121149897330596
0 0.6848523748395379 0.7464065708418891 0.011553273427471117 0.04722792607802875
0 0.6906290115532734 0.7453798767967146 0.007702182284980744 0.03696098562628337
0 0.6976893453145058 0.7453798767967146 0.011553273427471117 0.045174537987679675
0 0.7124518613607188 0.7453798767967146 0.012836970474967907 0.049281314168377825
0 0.6270860077021823 0.7464065708418891 0.011553273427471117 0.043121149897330596
0 0.6110397946084724 0.7464065708418891 0.010269576379974325 0.043121149897330596
0 0.7978177150192554 0.7433264887063655 0.008985879332477534 0.04106776180698152
0 0.8093709884467265 0.740246406570842 0.008985879332477534 0.039014373716632446
0 0.8170731707317073 0.740246406570842 0.008985879332477534 0.039014373716632446
0 0.8254172015404364 0.7494866529774128 0.012836970474967907 0.049281314168377825
0 0.05263157894736842 0.7371663244353183 0.056482670089858786 0.22176591375770022
