0 0.07500000000000001 0.889873417721519 0.043333333333333335 0.16962025316455698
0 0.18333333333333335 0.8860759493670887 0.04666666666666667 0.17721518987341772
0 0.29250000000000004 0.8822784810126583 0.04833333333333334 0.179746835443038
0 0.4033333333333334 0.8734177215189873 0.04666666666666667 0.17721518987341772
0 0.67 0.8582278481012658 0.05 0.18734177215189873
0 0.6275000000000001 0.7291139240506329 0.045000000000000005 0.17215189873417722
0 0.2625 0.5151898734177215 0.04166666666666667 0.15443037974683543
0 0.3225 0.4569620253164557 0.04166666666666667 0.15443037974683543
0 0.39333333333333337 0.4607594936708861 0.03666666666666667 0.14177215189873418
0 0.4591666666666667 0.4506329113924051 0.04166666666666667 0.1518987341772152
0 0.5275000000000001 0.47341772151898737 0.03833333333333334 0.14177215189873418
0 0.6058333333333333 0.4481012658227848 0.04166666666666667 0.1518987341772152
0 0.6408333333333334 0.4177215189873418 0.04166666666666667 0.1569620253164557
0 0.6900000000000001 0.49873417721518987 0.04 0.1569620253164557
0 0.6683333333333333 0.36075949367088606 0.03666666666666667 0.1341772151898734
0 0.7541666666666668 0.359493670886076 0.03166666666666667 0.11645569620253164
0 0.8516666666666667 0.3658227848101266 0.03333333333333333 0.12405063291139241
0 0.9358333333333334 0.3620253164556962 0.03166666666666667 0.12151898734177216
0 0.2016666666666667 0.37848101265822787 0.03333333333333333 0.12405063291139241
0 0.10916666666666668 0.37341772151898733 0.03166666666666667 0.12405063291139241
0 0.015000000000000001 0.38101265822784813 0.030000000000000002 0.1291139240506329
0 0.0825 0.7506329113924051 0.04166666666666667 0.15949367088607594
0 0.04916666666666667 0.7215189873417721 0.045000000000000005 0.17215189873417722
0 0.029166666666666667 0.7177215189873418 0.03833333333333334 0.14936708860759493
0 0.014166666666666668 0.7012658227848101 0.028333333333333335 0.14177215189873418
0 0.26416666666666666 0.4316455696202532 0.04166666666666667 0.15443037974683543
0 0.765 0.8544303797468354 0.05 0.189873417721519
0 0.8683333333333334 0.8531645569620253 0.05 0.19240506329113924
0 0.9666666666666667 0.8405063291139241 0.05 0.18734177215189873
0 0.9750000000000001 0.6873417721518987 0.03666666666666667 0.13924050632911392
0 0.93 0.579746835443038 0.03666666666666667 0.14177215189873418
0 0.915 0.5518987341772152 0.03666666666666667 0.13670886075949368
0 0.8991666666666667 0.5316455696202532 0.04166666666666667 0.1518987341772152
0 0.8891666666666668 0.5113924050632912 0.035 0.13164556962025317
0 0.88 0.4936708860759494 0.030000000000000002 0.11139240506329114
0 0.8691666666666668 0.4746835443037975 0.035 0.1341772151898734
0 0.9816666666666667 0.5784810126582278 0.03333333333333333 0.1291139240506329
0 0.9675 0.5620253164556962 0.035 0.13164556962025317
0 0.9558333333333334 0.5455696202531646 0.028333333333333335 0.11392405063291139
