0 0.9503464203233256 0.7165242165242166 0.09930715935334873 0.3789173789173789
0 0.7933025404157044 0.6538461538461539 0.11316397228637413 0.35042735042735046
0 0.8187066974595842 0.5997150997150997 0.11316397228637413 0.35042735042735046
0 0.7066974595842956 0.7578347578347578 0.14318706697459585 0.43874643874643876
0 0.535796766743649 0.8162393162393162 0.12009237875288684 0.36182336182336183
0 0.3787528868360277 0.7706552706552707 0.12933025404157045 0.396011396011396
0 0.5415704387990762 0.688034188034188 0.13625866050808313 0.4131054131054131
0 0.6697459584295612 0.5455840455840456 0.10623556581986143 0.32193732193732194
0 0.5900692840646651 0.5612535612535613 0.09468822170900693 0.2849002849002849
0 0.40415704387990764 0.6125356125356126 0.12471131639722864 0.37606837606837606
0 0.4722863741339492 0.5384615384615384 0.10854503464203233 0.33618233618233617
0 0.2678983833718245 0.690883190883191 0.13394919168591224 0.4017094017094017
0 0.2517321016166282 0.5754985754985755 0.11085450346420322 0.33618233618233617
0 0.3071593533487298 0.49572649572649574 0.09699769053117782 0.301994301994302
0 0.40877598152424943 0.4458689458689459 0.09699769053117782 0.29914529914529914
0 0.12817551963048499 0.5227920227920229 0.10854503464203233 0.33333333333333337
0 0.1997690531177829 0.46153846153846156 0.09468822170900693 0.2905982905982906
0 0.2413394919168591 0.4031339031339031 0.08545034642032333 0.25925925925925924
0 0.38683602771362585 0.2136752136752137 0.03464203233256351 0.11396011396011396
0 0.09699769053117782 0.4273504273504274 0.09237875288683603 0.2849002849002849
0 0.03002309468822171 0.4814814814814815 0.06004618937644342 0.301994301994302
0 0.03695150115473441 0.3888888888888889 0.07390300230946882 0.2535612535612536
0 0.07621247113163972 0.3418803418803419 0.07852193995381063 0.23361823361823364
0 0.5635103926096997 0.2678062678062678 0.05542725173210161 0.17094017094017094
