0 0.9386363636363636 0.3967280163599182 0.10454545454545454 0.34764826175869123
0 0.843939393939394 0.33640081799591004 0.0696969696969697 0.23108384458077713
0 0.7613636363636364 0.38548057259713703 0.07727272727272727 0.25971370143149286
0 0.693939393939394 0.3629856850715747 0.07575757575757576 0.2515337423312884
0 0.6378787878787878 0.36400817995910023 0.06363636363636363 0.20858895705521474
0 0.6545454545454545 0.3629856850715747 0.05757575757575758 0.19427402862985688
0 0.5931818181818181 0.35378323108384463 0.05606060606060606 0.18813905930470348
0 0.5681818181818182 0.34867075664621683 0.05454545454545454 0.17791411042944788
0 0.5242424242424243 0.34458077709611457 0.045454545454545456 0.15746421267893662
0 0.5106060606060606 0.34151329243353784 0.045454545454545456 0.15132924335378325
0 0.49393939393939396 0.34355828220858897 0.045454545454545456 0.15132924335378325
0 0.475 0.34253578732106343 0.04696969696969697 0.16155419222903886
0 0.4659090909090909 0.3323108384458078 0.04090909090909091 0.13701431492842536
0 0.4265151515151515 0.3343558282208589 0.03787878787878788 0.12474437627811862
0 0.4053030303030303 0.3241308793456033 0.03787878787878788 0.12474437627811862
0 0.3553030303030303 0.3507157464212679 0.05303030303030303 0.17382413087934562
0 0.12045454545454545 0.3680981595092025 0.05606060606060606 0.18404907975460125
0 0.09545454545454546 0.37730061349693256 0.06060606060606061 0.20245398773006137
0 0.030303030303030304 0.3905930470347649 0.06060606060606061 0.212678936605317
0 0.9083333333333333 0.2801635991820041 0.022727272727272728 0.07770961145194274
0 0.8863636363636364 0.278118609406953 0.021212121212121213 0.0736196319018405
0 0.8181818181818182 0.2832310838445808 0.021212121212121213 0.07157464212678938
0 0.39090909090909093 0.3169734151329244 0.030303030303030304 0.1063394683026585
0 0.3795454545454545 0.3231083844580777 0.02878787878787879 0.098159509202454
0 0.36818181818181817 0.3231083844580777 0.030303030303030304 0.098159509202454
0 0.3386363636363636 0.3302658486707567 0.031818181818181815 0.10429447852760737
0 0.32045454545454544 0.32617586912065444 0.031818181818181815 0.11247443762781187
0 0.2946969696969697 0.3292433537832311 0.031818181818181815 0.1063394683026585
0 0.26666666666666666 0.33128834355828224 0.03333333333333333 0.114519427402863
0 0.24621212121212122 0.33333333333333337 0.02878787878787879 0.098159509202454
0 0.22045454545454546 0.33128834355828224 0.03787878787878788 0.1226993865030675
0 0.18333333333333332 0.33640081799591004 0.03333333333333333 0.11247443762781187
0 0.1590909090909091 0.34151329243353784 0.03333333333333333 0.114519427402863
0 0.1409090909090909 0.3404907975460123 0.03939393939393939 0.12883435582822086
0 0.059848484848484845 0.34764826175869123 0.04090909090909091 0.13496932515337426
