0 0.16083333333333336 0.525 0.17833333333333334 0.66
0 0.7825000000000001 0.43125 0.06166666666666667 0.2275
0 0.7541666666666668 0.41500000000000004 0.045000000000000005 0.165
0 0.6416666666666667 0.40125 0.03333333333333333 0.1275
0 0.6025 0.4025 0.04833333333333334 0.185
0 0.44333333333333336 0.41500000000000004 0.07666666666666667 0.28500000000000003
0 0.4675 0.38375000000000004 0.045000000000000005 0.17250000000000001
0 0.19583333333333336 0.41625 0.06833333333333334 0.2575
0 0.24166666666666667 0.3975 0.060000000000000005 0.22
0 0.2991666666666667 0.3825 0.04833333333333334 0.18
0 0.020833333333333336 0.40875 0.04166666666666667 0.2525
0 0.48500000000000004 0.38875 0.03333333333333333 0.1275
0 0.41250000000000003 0.42125 0.04166666666666667 0.1575
0 0.5458333333333334 0.44125000000000003 0.09166666666666667 0.3375
0 0.35583333333333333 0.4675 0.12166666666666667 0.45
0 0.6900000000000001 0.435 0.07666666666666667 0.28500000000000003
0 0.8475 0.44625000000000004 0.095 0.3525
