0 0.09765625 0.7608391608391608 0.029296875 0.1034965034965035
0 0.05078125 0.7461538461538462 0.029296875 0.1076923076923077
0 0.0185546875 0.7461538461538462 0.03125 0.11328671328671329
0 0.0087890625 0.7615384615384615 0.017578125 0.1048951048951049
0 0.0634765625 0.7440559440559441 0.02734375 0.0979020979020979
0 0.037109375 0.7286713286713287 0.01953125 0.07272727272727272
0 0.26123046875 0.7832167832167832 0.0400390625 0.14265734265734265
0 0.2919921875 0.7846153846153846 0.046875 0.16783216783216784
0 0.33154296875 0.7811188811188812 0.0439453125 0.15244755244755245
0 0.3720703125 0.7965034965034965 0.044921875 0.15804195804195803
0 0.39892578125 0.7965034965034965 0.0419921875 0.14965034965034965
0 0.42919921875 0.7923076923076923 0.0478515625 0.17202797202797201
0 0.4638671875 0.813986013986014 0.05078125 0.17622377622377622
0 0.52197265625 0.8146853146853147 0.0576171875 0.2
0 0.59033203125 0.8 0.0634765625 0.22097902097902097
0 0.62841796875 0.8111888111888111 0.0576171875 0.2041958041958042
0 0.67041015625 0.8237762237762237 0.0576171875 0.20139860139860138
0 0.72314453125 0.823076923076923 0.0595703125 0.2111888111888112
0 0.76318359375 0.8272727272727273 0.0615234375 0.213986013986014
0 0.8037109375 0.8293706293706293 0.0625 0.22097902097902097
0 0.88916015625 0.8265734265734266 0.0751953125 0.2629370629370629
0 0.9189453125 0.8265734265734266 0.080078125 0.28251748251748254
0 0.56396484375 0.7986013986013986 0.0498046875 0.17622377622377622
0 0.98583984375 0.7895104895104895 0.0283203125 0.15804195804195803
0 0.958984375 0.7972027972027972 0.0546875 0.1902097902097902
