0 0.9493243243243243 0.5530821917808219 0.10135135135135136 0.6404109589041096
0 0.831081081081081 0.636986301369863 0.1891891891891892 0.7123287671232876
0 0.7342342342342342 0.5513698630136986 0.14864864864864866 0.5616438356164384
0 0.6385135135135135 0.5513698630136986 0.14189189189189189 0.5342465753424657
0 0.5675675675675675 0.5924657534246575 0.12612612612612611 0.4794520547945205
0 0.3581081081081081 0.5188356164383562 0.18018018018018017 0.6746575342465753
0 0.44256756756756754 0.4657534246575342 0.13288288288288289 0.5
0 0.41103603603603606 0.4503424657534246 0.11936936936936937 0.4417808219178082
0 0.21283783783783783 0.45890410958904104 0.12387387387387387 0.4657534246575342
0 0.021396396396396396 0.2996575342465753 0.02927927927927928 0.11301369863013698
0 0.030405405405405404 0.3082191780821918 0.033783783783783786 0.13013698630136986
0 0.04391891891891892 0.3065068493150685 0.02927927927927928 0.11986301369863013
0 0.0518018018018018 0.2996575342465753 0.02702702702702703 0.11301369863013698
