0 0.053539019963702354 0.62 0.10707803992740471 0.5428571428571428
0 0.15970961887477314 0.5728571428571428 0.10526315789473684 0.4085714285714286
0 0.1234119782214156 0.49857142857142855 0.08711433756805807 0.34
0 0.220508166969147 0.6614285714285715 0.1397459165154265 0.5457142857142857
0 0.29945553539019965 0.49714285714285716 0.06896551724137931 0.2742857142857143
0 0.4047186932849365 0.6 0.10163339382940109 0.3942857142857143
0 0.45825771324863884 0.6128571428571429 0.11796733212341197 0.4542857142857143
0 0.5308529945553538 0.6314285714285715 0.12522686025408347 0.4857142857142857
0 0.6016333938294011 0.6357142857142857 0.10344827586206896 0.40285714285714286
0 0.6333938294010889 0.6085714285714285 0.09437386569872958 0.37142857142857144
0 0.7241379310344828 0.6271428571428571 0.11978221415607986 0.4657142857142857
0 0.8629764065335753 0.6528571428571428 0.11433756805807622 0.44285714285714284
0 0.941016333938294 0.6542857142857142 0.11796733212341197 0.49714285714285716
0 0.8185117967332123 0.40714285714285714 0.06533575317604355 0.26
