0 0.2292857142857143 0.6081370449678801 0.06428571428571428 0.2398286937901499
0 0.27071428571428574 0.6059957173447538 0.06142857142857143 0.22698072805139188
0 0.30714285714285716 0.6177730192719486 0.05714285714285714 0.20770877944325483
0 0.33214285714285713 0.6081370449678801 0.055714285714285716 0.20556745182012848
0 0.36642857142857144 0.6102783725910065 0.05857142857142857 0.21841541755888652
0 0.4064285714285714 0.6081370449678801 0.05285714285714286 0.19700214132762314
0 0.44285714285714284 0.5995717344753748 0.06 0.21841541755888652
0 0.4828571428571429 0.5974304068522485 0.054285714285714284 0.20128479657387582
0 0.5185714285714286 0.5899357601713062 0.06 0.22483940042826553
0 0.5564285714285714 0.5931477516059958 0.06142857142857143 0.2226980728051392
0 0.5942857142857143 0.5952890792291221 0.06 0.21841541755888652
0 0.6285714285714286 0.5952890792291221 0.05714285714285714 0.21413276231263384
0 0.66 0.5920770877944326 0.05714285714285714 0.20770877944325483
0 0.7 0.6027837259100642 0.054285714285714284 0.19914346895074947
0 0.7371428571428571 0.5985010706638116 0.05714285714285714 0.2119914346895075
0 0.7735714285714286 0.6017130620985011 0.055714285714285716 0.20985010706638116
0 0.8128571428571428 0.6038543897216274 0.06 0.2226980728051392
0 0.8771428571428571 0.607066381156317 0.05714285714285714 0.2162740899357602
0 0.8335714285714285 0.5963597430406853 0.05 0.19057815845824413
