0 0.27376994680851063 0.58225 0.08743351063829786 0.3225
0 0.3126662234042553 0.5715 0.0920877659574468 0.339
0 0.2215757978723404 0.57125 0.07945478723404255 0.2915
0 0.1953125 0.5565 0.08011968085106383 0.295
0 0.1751994680851064 0.55675 0.08909574468085106 0.3285
0 0.09025930851063829 0.5415 0.09607712765957446 0.352
0 0.3896276595744681 0.536 0.04720744680851064 0.17300000000000001
0 0.510970744680851 0.644 0.16023936170212766 0.589
0 0.5555186170212766 0.55975 0.07047872340425532 0.2595
0 0.6878324468085106 0.5785 0.1110372340425532 0.40900000000000003
0 0.7265625 0.61 0.11668882978723404 0.428
0 0.7837433510638298 0.6145 0.1233377659574468 0.453
0 0.8608710106382979 0.71325 0.15525265957446807 0.5695
0 0.8967752659574468 0.70725 0.1545877659574468 0.5675
0 0.9650930851063829 0.61325 0.06981382978723404 0.4195
