0 0.135 0.40540540540540543 0.10200000000000001 0.3843843843843844
0 0.181 0.42792792792792794 0.114 0.42342342342342343
0 0.274 0.44744744744744747 0.132 0.48648648648648646
0 0.332 0.484984984984985 0.164 0.6036036036036035
0 0.395 0.4249249249249249 0.11800000000000001 0.4294294294294294
0 0.517 0.509009009009009 0.198 0.7357357357357357
0 0.5680000000000001 0.4189189189189189 0.112 0.4174174174174174
0 0.683 0.466966966966967 0.158 0.5795795795795796
0 0.755 0.43093093093093093 0.126 0.46546546546546547
0 0.794 0.4084084084084084 0.10400000000000001 0.3783783783783784
0 0.8310000000000001 0.3738738738738739 0.10200000000000001 0.37537537537537535
0 0.877 0.36036036036036034 0.09 0.3303303303303303
0 0.974 0.2987987987987988 0.044 0.16516516516516516
0 0.9390000000000001 0.2987987987987988 0.046 0.17117117117117117
0 0.913 0.3063063063063063 0.042 0.16216216216216217
0 0.082 0.34384384384384387 0.056 0.2072072072072072
0 0.025 0.34684684684684686 0.05 0.2132132132132132
0 0.059000000000000004 0.34534534534534533 0.058 0.21021021021021022
