0 0.26025236593059936 0.7411616161616162 0.08201892744479496 0.3257575757575758
0 0.37618296529968454 0.7133838383838385 0.08990536277602523 0.3560606060606061
0 0.44558359621451105 0.7222222222222223 0.08675078864353312 0.3434343434343435
0 0.5228706624605678 0.49368686868686873 0.07097791798107256 0.28535353535353536
0 0.472397476340694 0.6691919191919192 0.08675078864353312 0.3484848484848485
0 0.13249211356466878 0.686868686868687 0.07570977917981073 0.297979797979798
0 0.14037854889589904 0.5063131313131314 0.0694006309148265 0.2702020202020202
0 0.5906940063091483 0.5946969696969697 0.08990536277602523 0.35101010101010105
0 0.6198738170347003 0.6161616161616162 0.07886435331230283 0.31313131313131315
0 0.6474763406940063 0.7020202020202021 0.07728706624605677 0.30303030303030304
0 0.7271293375394322 0.6856060606060607 0.056782334384858045 0.2297979797979798
0 0.7097791798107256 0.6805555555555556 0.06309148264984227 0.25
0 0.7578864353312302 0.6818181818181819 0.055205047318611984 0.21717171717171718
0 0.749211356466877 0.6755050505050506 0.056782334384858045 0.22474747474747478
