0 0.18416666666666667 0.8106508875739645 0.07833333333333334 0.3431952662721893
0 0.21833333333333335 0.7529585798816568 0.07666666666666667 0.3343195266272189
0 0.3191666666666667 0.7529585798816568 0.065 0.28698224852071
0 0.3466666666666667 0.6538461538461539 0.04 0.1834319526627219
0 0.7275 0.6863905325443787 0.055 0.24260355029585798
0 0.645 0.6242603550295858 0.04 0.17159763313609466
0 0.5141666666666667 0.7233727810650887 0.06833333333333334 0.3047337278106509
0 0.04916666666666667 0.7618343195266272 0.08166666666666667 0.35207100591715973
0 0.9316666666666668 0.6331360946745562 0.043333333333333335 0.1893491124260355
0 0.8783333333333334 0.636094674556213 0.04666666666666667 0.21301775147928995
0 0.9650000000000001 0.6538461538461539 0.04666666666666667 0.20710059171597633
