0 0.30625 0.35333333333333333 0.095 0.15666666666666668
0 0.124375 0.48708333333333337 0.09375 0.15416666666666667
0 0.39625 0.13625 0.0575 0.09583333333333334
0 0.5175 0.15083333333333335 0.0525 0.08666666666666667
0 0.485 0.1275 0.0525 0.08666666666666667
0 0.5275 0.11333333333333334 0.05 0.08166666666666667
0 0.5906250000000001 0.1325 0.043750000000000004 0.07166666666666667
0 0.4175 0.08166666666666667 0.0475 0.07666666666666667
0 0.30312500000000003 0.05708333333333334 0.04625 0.0775
0 0.7000000000000001 0.1275 0.0525 0.08833333333333333
0 0.6218750000000001 0.12041666666666667 0.051250000000000004 0.08583333333333334
