0 0.11906828703703703 0.42599826388888884 0.04311342592592592 0.15755208333333331
0 0.14380787037037035 0.4388020833333333 0.048611111111111105 0.17881944444444445
0 0.1796875 0.4507378472222222 0.052662037037037035 0.1931423611111111
0 0.23697916666666666 0.47504340277777773 0.06539351851851852 0.24088541666666666
0 0.2602719907407407 0.43033854166666663 0.04832175925925926 0.17664930555555555
0 0.29701967592592593 0.4375 0.04832175925925926 0.17708333333333331
0 0.36588541666666663 0.509548611111111 0.08651620370370369 0.31684027777777773
0 0.46368634259259256 0.5436197916666666 0.09866898148148148 0.3615451388888889
0 0.6002604166666666 0.5177951388888888 0.09403935185185185 0.3446180555555555
0 0.6348379629629629 0.5729166666666666 0.13541666666666666 0.49652777777777773
0 0.7424768518518519 0.5355902777777778 0.11747685185185185 0.4305555555555555
0 0.79296875 0.46527777777777773 0.08883101851851852 0.32465277777777773
0 0.8326099537037036 0.47265625 0.05873842592592592 0.21527777777777776
0 0.9048032407407407 0.4934895833333333 0.08217592592592592 0.3003472222222222
0 0.9606481481481481 0.5008680555555556 0.07870370370370369 0.2960069444444444
0 0.9771412037037036 0.5321180555555556 0.04571759259259259 0.2873263888888889
