0 0.08166666666666667 0.8553921568627451 0.07666666666666667 0.28431372549019607
0 0.135 0.8492647058823529 0.08 0.2867647058823529
0 0.2025 0.8517156862745098 0.07833333333333334 0.2867647058823529
0 0.1366666666666667 0.8529411764705882 0.07333333333333333 0.2696078431372549
0 0.24166666666666667 0.8321078431372549 0.07333333333333333 0.2622549019607843
0 0.26916666666666667 0.8272058823529411 0.065 0.23774509803921567
0 0.3275 0.8235294117647058 0.07833333333333334 0.28431372549019607
0 0.37833333333333335 0.8468137254901961 0.07666666666666667 0.2818627450980392
0 0.4316666666666667 0.821078431372549 0.08333333333333334 0.29901960784313725
0 0.5125000000000001 0.8137254901960784 0.07500000000000001 0.2696078431372549
0 0.5766666666666667 0.8517156862745098 0.07333333333333333 0.27205882352941174
0 0.625 0.8480392156862745 0.07666666666666667 0.27941176470588236
0 0.6525000000000001 0.7830882352941176 0.07166666666666667 0.25735294117647056
0 0.7200000000000001 0.8357843137254902 0.08333333333333334 0.29901960784313725
0 0.8008333333333334 0.8198529411764706 0.09166666666666667 0.33088235294117646
0 0.8733333333333334 0.7659313725490196 0.06666666666666667 0.2426470588235294
0 0.9041666666666667 0.7573529411764706 0.065 0.24019607843137256
0 0.8266666666666668 0.7806372549019608 0.07333333333333333 0.27205882352941174
0 0.21750000000000003 0.6409313725490196 0.018333333333333333 0.07107843137254902
0 0.20750000000000002 0.6409313725490196 0.018333333333333333 0.07107843137254902
0 0.31 0.6446078431372549 0.016666666666666666 0.06862745098039216
0 0.5516666666666667 0.6213235294117647 0.02666666666666667 0.10049019607843138
