0 0.650278293135436 0.6821192052980133 0.14285714285714285 0.6225165562913907
0 0.8228200371057514 0.7003311258278145 0.1280148423005566 0.5596026490066225
0 0.7569573283858998 0.6307947019867549 0.137291280148423 0.6059602649006622
0 0.9137291280148423 0.6423841059602649 0.13543599257884972 0.5960264900662252
0 0.5139146567717996 0.6307947019867549 0.16697588126159554 0.7251655629139073
0 0.1808905380333952 0.6572847682119205 0.15398886827458255 0.6788079470198676
0 0.075139146567718 0.6705298013245033 0.150278293135436 0.6589403973509934
0 0.2829313543599258 0.6887417218543046 0.13543599257884972 0.5960264900662252
0 0.4007421150278293 0.4735099337748344 0.1038961038961039 0.45695364238410596
0 0.3534322820037106 0.5198675496688742 0.09461966604823747 0.41721854304635764
0 0.2977736549165121 0.5298013245033113 0.11317254174397032 0.5033112582781457
0 0.5825602968460112 0.42218543046357615 0.059369202226345084 0.2682119205298013
0 0.7068645640074211 0.4370860927152318 0.06307977736549165 0.2847682119205298
