0 0.40578947368421053 0.7134831460674157 0.15052631578947367 0.4887640449438202
0 0.3363157894736842 0.7085674157303371 0.13789473684210526 0.44803370786516855
0 0.2563157894736842 0.4459269662921348 0.07894736842105263 0.25702247191011235
0 0.18263157894736842 0.3167134831460674 0.017894736842105262 0.05758426966292135
0 0.4663157894736842 0.45014044943820225 0.06526315789473684 0.21769662921348315
0 0.6778947368421052 0.773876404494382 0.13473684210526315 0.4438202247191011
0 0.8547368421052631 0.4634831460674157 0.06526315789473684 0.21348314606741572
0 0.7431578947368421 0.41502808988764045 0.04842105263157895 0.16151685393258428
0 0.828421052631579 0.42907303370786515 0.04631578947368421 0.15308988764044942
0 0.871578947368421 0.43679775280898875 0.04631578947368421 0.1544943820224719
