0 0.046363636363636364 0.616504854368932 0.09272727272727273 0.31553398058252424
0 0.13454545454545455 0.5995145631067961 0.09454545454545454 0.3106796116504854
0 0.29363636363636364 0.5995145631067961 0.0890909090909091 0.2961165048543689
0 0.3836363636363636 0.6007281553398057 0.07636363636363637 0.24999999999999997
0 0.45545454545454545 0.5885922330097086 0.08545454545454545 0.279126213592233
0 0.5318181818181819 0.5898058252427184 0.08181818181818182 0.27184466019417475
0 0.5981818181818181 0.587378640776699 0.08 0.2621359223300971
0 0.67 0.5703883495145631 0.08545454545454545 0.28640776699029125
0 0.7854545454545454 0.587378640776699 0.07636363636363637 0.24757281553398056
0 0.86 0.5849514563106796 0.07636363636363637 0.2524271844660194
0 0.9227272727272727 0.5679611650485437 0.07818181818181819 0.25728155339805825
0 0.7681818181818182 0.15048543689320387 0.045454545454545456 0.15048543689320387
