0 0.07285429141716566 0.6462765957446809 0.12574850299401197 0.4148936170212766
0 0.1467065868263473 0.6143617021276596 0.13772455089820357 0.4521276595744681
0 0.19061876247504989 0.5797872340425532 0.08582834331337325 0.28723404255319146
0 0.2335329341317365 0.5718085106382979 0.09580838323353293 0.31382978723404253
0 0.31037924151696605 0.6622340425531915 0.15768463073852293 0.5212765957446809
0 0.37524950099800397 0.6369680851063829 0.155688622754491 0.5132978723404256
0 0.4730538922155688 0.5797872340425532 0.08782435129740518 0.2925531914893617
0 0.5199600798403193 0.5651595744680851 0.09381237524950099 0.3058510638297872
0 0.5968063872255489 0.6050531914893617 0.11576846307385229 0.375
0 0.6407185628742514 0.5904255319148936 0.11576846307385229 0.3776595744680851
0 0.6756487025948104 0.5784574468085106 0.09780439121756486 0.3271276595744681
0 0.7634730538922155 0.6236702127659575 0.12175648702594809 0.4015957446808511
0 0.7924151696606786 0.6077127659574468 0.12375249500998003 0.4015957446808511
0 0.8852295409181636 0.6875 0.16167664670658682 0.5292553191489362
0 0.9500998003992015 0.6476063829787234 0.09980039920159679 0.550531914893617
0 0.4301397205588822 0.5545212765957447 0.06986027944111776 0.23670212765957446
0 0.7235528942115768 0.5904255319148936 0.09381237524950099 0.31382978723404253
