0 0.07916666666666668 0.38574660633484165 0.04833333333333334 0.165158371040724
0 0.11750000000000001 0.38574660633484165 0.055 0.18325791855203621
0 0.16083333333333336 0.3733031674208145 0.04833333333333334 0.15837104072398192
0 0.2675 0.5531674208144797 0.21500000000000002 0.7171945701357467
0 0.42000000000000004 0.5294117647058824 0.16 0.5339366515837105
0 0.5733333333333334 0.4909502262443439 0.14333333333333334 0.47511312217194573
0 0.6925 0.49886877828054305 0.13833333333333334 0.45927601809954754
0 0.81 0.580316742081448 0.24666666666666667 0.8167420814479639
0 0.8958333333333334 0.5350678733031675 0.15833333333333335 0.5226244343891403
0 0.9441666666666667 0.4468325791855204 0.10166666666666667 0.33710407239819007
