0 0.08308823529411764 0.6176470588235294 0.045588235294117645 0.15294117647058825
0 0.22794117647058823 0.5950980392156863 0.03529411764705882 0.1196078431372549
0 0.25220588235294117 0.5941176470588235 0.033823529411764704 0.10980392156862745
0 0.2801470588235294 0.5980392156862745 0.033823529411764704 0.10980392156862745
0 0.2911764705882353 0.5911764705882353 0.032352941176470584 0.10392156862745097
0 0.3110294117647059 0.6058823529411764 0.04264705882352941 0.14509803921568626
0 0.32573529411764707 0.5882352941176471 0.03676470588235294 0.12156862745098039
0 0.34558823529411764 0.5852941176470589 0.026470588235294117 0.09215686274509804
0 0.36323529411764705 0.615686274509804 0.05 0.16862745098039217
0 0.4117647058823529 0.5931372549019608 0.041176470588235294 0.1392156862745098
0 0.4 0.5990196078431372 0.03529411764705882 0.1196078431372549
0 0.45 0.5911764705882353 0.03823529411764706 0.13137254901960785
0 0.47720588235294115 0.592156862745098 0.03676470588235294 0.12549019607843137
0 0.49117647058823527 0.5686274509803921 0.023529411764705882 0.0784313725490196
0 0.5066176470588235 0.5715686274509804 0.027941176470588233 0.09215686274509804
0 0.5139705882352941 0.6029411764705882 0.03676470588235294 0.12352941176470589
0 0.5264705882352941 0.5735294117647058 0.026470588235294117 0.08823529411764705
0 0.5426470588235294 0.5882352941176471 0.03529411764705882 0.11372549019607843
0 0.5647058823529412 0.6098039215686274 0.03529411764705882 0.12156862745098039
