0 0.02625 0.7086466165413533 0.0525 0.31954887218045114
0 0.06 0.7142857142857142 0.07 0.2631578947368421
0 0.02875 0.6917293233082706 0.0575 0.2857142857142857
0 0.08750000000000001 0.6804511278195489 0.06 0.23308270676691728
0 0.1625 0.6766917293233082 0.07 0.2556390977443609
0 0.13875 0.6842105263157894 0.0575 0.21052631578947367
0 0.18 0.6635338345864661 0.06 0.22180451127819548
0 0.2 0.6635338345864661 0.055 0.20676691729323307
0 0.225 0.6616541353383458 0.055 0.21052631578947367
0 0.26375 0.650375939849624 0.0525 0.20300751879699247
0 0.28125 0.6522556390977443 0.0475 0.18421052631578946
0 0.30125 0.6409774436090225 0.0475 0.18421052631578946
0 0.33875 0.6484962406015037 0.0425 0.16917293233082706
0 0.36125 0.6353383458646616 0.0425 0.16541353383458646
0 0.43875000000000003 0.6296992481203008 0.0325 0.13157894736842105
0 0.48 0.7744360902255638 0.115 0.43609022556390975
0 0.56 0.7218045112781954 0.08 0.3007518796992481
0 0.595 0.6954887218045113 0.075 0.2781954887218045
0 0.65125 0.7349624060150376 0.10250000000000001 0.37969924812030076
0 0.69125 0.7105263157894737 0.0925 0.3383458646616541
0 0.72375 0.6860902255639098 0.08750000000000001 0.3270676691729323
0 0.7525000000000001 0.6710526315789473 0.08 0.2969924812030075
0 0.79 0.6691729323308271 0.065 0.24812030075187969
0 0.82625 0.5770676691729323 0.0075 0.041353383458646614
0 0.8825000000000001 0.6015037593984962 0.025 0.09022556390977443
0 0.89125 0.599624060150376 0.0225 0.09398496240601503
0 0.9137500000000001 0.599624060150376 0.0275 0.10150375939849623
0 0.93625 0.599624060150376 0.0275 0.10150375939849623
0 0.98 0.5714285714285714 0.015 0.06015037593984962
0 0.0825 0.3289473684210526 0.055 0.20676691729323307
0 0.04 0.31954887218045114 0.06 0.21804511278195488
0 0.195 0.3590225563909774 0.05 0.18421052631578946
0 0.23 0.3684210526315789 0.045 0.17293233082706766
0 0.2775 0.3740601503759398 0.045 0.16165413533834586
0 0.325 0.40037593984962405 0.045 0.16165413533834586
0 0.37125 0.40977443609022557 0.0425 0.15789473684210525
0 0.46375 0.424812030075188 0.0375 0.13533834586466165
