0 0.03333333333333333 0.6330749354005168 0.06666666666666667 0.3875968992248062
0 0.08188405797101449 0.6602067183462532 0.07971014492753624 0.35400516795865633
0 0.15 0.6770025839793282 0.07971014492753624 0.351421188630491
0 0.21884057971014492 0.6873385012919897 0.07536231884057971 0.330749354005168
0 0.31956521739130433 0.640826873385013 0.09420289855072464 0.4186046511627907
0 0.26014492753623186 0.644702842377261 0.06521739130434782 0.29198966408268734
0 0.4405797101449275 0.665374677002584 0.08115942028985507 0.35400516795865633
0 0.41231884057971013 0.6666666666666667 0.059420289855072465 0.26356589147286824
0 0.527536231884058 0.6666666666666667 0.07246376811594203 0.3204134366925065
0 0.6028985507246377 0.6873385012919897 0.06666666666666667 0.289405684754522
0 0.6768115942028986 0.6343669250645995 0.09565217391304348 0.4160206718346253
0 0.7898550724637681 0.6434108527131783 0.09565217391304348 0.41343669250646
0 0.8847826086956522 0.665374677002584 0.09420289855072464 0.4108527131782946
0 0.9420289855072463 0.6434108527131783 0.10144927536231885 0.4444444444444445
0 0.8340579710144927 0.5917312661498708 0.07971014492753624 0.35658914728682173
0 0.7594202898550725 0.6020671834625323 0.08115942028985507 0.36175710594315247
0 0.7355072463768116 0.603359173126615 0.06811594202898551 0.2971576227390181
0 0.6427536231884058 0.578811369509044 0.07391304347826087 0.330749354005168
0 0.34057971014492755 0.6201550387596899 0.08115942028985507 0.36175710594315247
0 0.35797101449275365 0.6188630490956073 0.07246376811594203 0.3178294573643411
0 0.3855072463768116 0.6072351421188631 0.06086956521739131 0.26356589147286824
