0 0.4658333333333334 0.6175 0.16833333333333333 0.62
0 0.6525000000000001 0.54625 0.14833333333333334 0.5475
0 0.5833333333333334 0.47375 0.13333333333333333 0.4925
0 0.28833333333333333 0.53125 0.15666666666666668 0.5725
0 0.08 0.37875000000000003 0.1 0.3675
0 0.035833333333333335 0.37375 0.07166666666666667 0.3575
0 0.13416666666666668 0.37375 0.095 0.3525
0 0.8383333333333334 0.3975 0.09000000000000001 0.33
0 0.79 0.3875 0.08666666666666667 0.325
0 0.8675 0.39625 0.085 0.3125
0 0.9316666666666668 0.32375 0.06666666666666667 0.2425
0 0.5433333333333333 0.31375000000000003 0.06333333333333334 0.2325
0 0.43833333333333335 0.42 0.11333333333333334 0.41500000000000004
0 0.1875 0.3075 0.06166666666666667 0.225
0 0.21416666666666667 0.29625 0.058333333333333334 0.2175
0 0.7033333333333334 0.3225 0.07 0.255
0 0.30833333333333335 0.4525 0.13 0.485
