0 0.09888059701492537 0.6890547263681592 0.10074626865671642 0.34328358208955223
0 0.19402985074626866 0.6691542288557214 0.09701492537313433 0.3333333333333333
0 0.23507462686567163 0.6890547263681592 0.1044776119402985 0.34328358208955223
0 0.3041044776119403 0.6691542288557214 0.10820895522388059 0.36318407960199006
0 0.376865671641791 0.6890547263681592 0.09701492537313433 0.3333333333333333
0 0.457089552238806 0.6865671641791045 0.10074626865671642 0.3383084577114428
0 0.5149253731343284 0.6840796019900497 0.09701492537313433 0.3233830845771144
0 0.5970149253731343 0.6890547263681592 0.1044776119402985 0.34328358208955223
0 0.6865671641791045 0.6915422885572139 0.11194029850746269 0.3681592039800995
0 0.7667910447761194 0.681592039800995 0.10820895522388059 0.3582089552238806
0 0.8507462686567164 0.6990049751243781 0.11194029850746269 0.36318407960199006
0 0.9235074626865671 0.681592039800995 0.11567164179104478 0.3781094527363184
0 0.022388059701492536 0.6268656716417911 0.04477611940298507 0.25870646766169153
