0 0.019343493552168814 0.4536178107606679 0.026963657678780773 0.10575139146567718
0 0.9196951934349354 0.5296846011131725 0.059788980070339975 0.23191094619666047
0 0.8669402110199296 0.5278293135435993 0.041031652989449004 0.1614100185528757
0 0.7532239155920281 0.5250463821892394 0.041031652989449004 0.163265306122449
0 0.7860492379835873 0.5120593692022264 0.03868698710433763 0.1521335807050093
0 0.8048065650644782 0.5306122448979592 0.03868698710433763 0.1521335807050093
0 0.8382180539273153 0.5222634508348795 0.03751465416178194 0.14656771799628943
0 0.7344665885111371 0.5148423005565863 0.03399765533411488 0.13543599257884972
0 0.716295427901524 0.5148423005565863 0.03048065650644783 0.12059369202226346
0 0.7033997655334114 0.5250463821892394 0.035169988276670575 0.137291280148423
0 0.6746776084407972 0.5055658627087198 0.03399765533411488 0.13543599257884972
0 0.6424384525205158 0.5055658627087198 0.028135990621336458 0.11317254174397032
0 0.9747948417350527 0.5435992578849722 0.050410316529894486 0.2077922077922078
0 0.9396248534583821 0.5575139146567718 0.05509964830011723 0.21706864564007422
0 0.7672919109026963 0.5176252319109462 0.03868698710433763 0.1521335807050093
0 0.04865181711606096 0.4554730983302412 0.02227432590855803 0.08719851576994435
0 0.01699882766705744 0.4712430426716141 0.0246189917936694 0.09647495361781076
0 0.6219226260257913 0.49907235621521334 0.031652989449003514 0.1261595547309833
