0 0.08374384236453201 0.7111111111111111 0.11822660098522167 0.43703703703703706
0 0.17857142857142858 0.8074074074074075 0.08620689655172414 0.32592592592592595
0 0.229064039408867 0.725925925925926 0.07881773399014778 0.2962962962962963
0 0.28201970443349755 0.7148148148148148 0.1354679802955665 0.5111111111111112
0 0.3645320197044335 0.7240740740740741 0.13793103448275862 0.5148148148148148
0 0.479064039408867 0.737037037037037 0.07635467980295567 0.2888888888888889
0 0.5701970443349754 0.5851851851851853 0.07142857142857142 0.26666666666666666
0 0.09482758620689655 0.41111111111111115 0.046798029556650245 0.17777777777777778
0 0.017241379310344827 0.42592592592592593 0.034482758620689655 0.1851851851851852
0 0.9532019704433498 0.6074074074074074 0.08866995073891626 0.32592592592592595
0 0.9039408866995075 0.6018518518518519 0.07389162561576355 0.27037037037037037
0 0.29064039408866993 0.43703703703703706 0.04433497536945813 0.16296296296296298
