0 0.33258258258258255 0.34121621621621623 0.1006006006006006 0.3671171171171171
0 0.23648648648648649 0.3096846846846847 0.1006006006006006 0.3716216216216216
0 0.06831831831831832 0.33445945945945943 0.08858858858858859 0.32207207207207206
0 0.036036036036036036 0.30067567567567566 0.07207207207207207 0.3536036036036036
0 0.45345345345345345 0.3547297297297297 0.12012012012012012 0.4391891891891892
0 0.5743243243243243 0.3108108108108108 0.08258258258258258 0.3018018018018018
0 0.7192192192192192 0.3367117117117117 0.08708708708708708 0.32657657657657657
0 0.756006006006006 0.29617117117117114 0.08858858858858859 0.32207207207207206
0 0.6554054054054054 0.2691441441441441 0.1066066066066066 0.38963963963963966
0 0.7995495495495495 0.2635135135135135 0.07957957957957958 0.2972972972972973
0 0.9384384384384384 0.28716216216216217 0.08108108108108109 0.29504504504504503
0 0.8866366366366366 0.18243243243243243 0.07357357357357357 0.2747747747747748
0 0.9114114114114114 0.25225225225225223 0.08408408408408408 0.3063063063063063
0 0.19444444444444445 0.27927927927927926 0.08258258258258258 0.3018018018018018
0 0.40615615615615613 0.32207207207207206 0.08558558558558559 0.3153153153153153
