0 0.3559701492537313 0.6157303370786518 0.07014925373134329 0.2651685393258427
0 0.40298507462686567 0.6134831460674158 0.07164179104477612 0.2651685393258427
0 0.44850746268656716 0.6235955056179776 0.06417910447761194 0.2404494382022472
0 0.49402985074626865 0.6168539325842697 0.06567164179104477 0.24943820224719104
0 0.5253731343283582 0.6078651685393259 0.06567164179104477 0.24943820224719104
0 0.5671641791044776 0.6191011235955056 0.06567164179104477 0.2404494382022472
0 0.6186567164179104 0.604494382022472 0.07014925373134329 0.2651685393258427
0 0.6507462686567165 0.6112359550561798 0.06567164179104477 0.24269662921348317
0 0.45746268656716416 0.40786516853932586 0.05522388059701493 0.20898876404494385
0 0.6895522388059702 0.6146067415730337 0.07164179104477612 0.2629213483146068
0 0.25298507462686565 0.42247191011235957 0.06119402985074627 0.22471910112359553
0 0.28955223880597014 0.4280898876404495 0.05970149253731343 0.22247191011235956
0 0.41567164179104477 0.4112359550561798 0.06417910447761194 0.23820224719101127
