0 0.10361842105263158 0.6279620853080569 0.09802631578947368 0.2890995260663507
0 0.14309210526315788 0.5556872037914692 0.032236842105263154 0.0971563981042654
0 0.15822368421052632 0.5485781990521327 0.032236842105263154 0.09399684044233807
0 0.17927631578947367 0.5541074249605055 0.034868421052631576 0.10505529225908372
0 0.19210526315789472 0.5525276461295419 0.03289473684210526 0.09557661927330173
0 0.21085526315789474 0.5493680884676145 0.026973684210526316 0.08135860979462875
0 0.5694078947368421 0.5493680884676145 0.034868421052631576 0.1018957345971564
0 0.6371710526315789 0.5406793048973144 0.023026315789473683 0.06714060031595577
0 0.7651315789473684 0.5169826224328594 0.017105263157894738 0.04976303317535545
0 0.8200657894736841 0.5229067930489731 0.01644736842105263 0.05055292259083728
0 0.9332236842105263 0.5177725118483413 0.01118421052631579 0.035545023696682464
0 0.9470394736842105 0.5165876777251185 0.009868421052631578 0.0315955766192733
0 0.43552631578947365 0.6702211690363349 0.2236842105263158 0.6563981042654028
0 0.2743421052631579 0.7101105845181674 0.19605263157894737 0.5750394944707741
0 0.7917763157894737 0.5347551342812006 0.015131578947368421 0.045813586097946286
