0 0.24 0.8026315789473684 0.05 0.19172932330827067
0 0.3675 0.8157894736842105 0.05 0.18796992481203006
0 0.07 0.706766917293233 0.035 0.12781954887218044
0 0.10625 0.6917293233082706 0.0275 0.10526315789473684
0 0.14875 0.6842105263157894 0.0275 0.09774436090225563
0 0.16375 0.6973684210526315 0.0225 0.07894736842105263
0 0.34 0.68796992481203 0.015 0.06766917293233082
0 0.3975 0.6635338345864661 0.015 0.06390977443609022
0 0.41500000000000004 0.7105263157894737 0.025 0.09022556390977443
0 0.44875 0.6710526315789473 0.0175 0.07142857142857142
