0 0.058333333333333334 0.4955555555555556 0.05 0.17333333333333334
0 0.14333333333333334 0.49777777777777776 0.060000000000000005 0.19555555555555557
0 0.22 0.5022222222222222 0.060000000000000005 0.20444444444444446
0 0.3766666666666667 0.5133333333333333 0.060000000000000005 0.2088888888888889
0 0.4783333333333334 0.5022222222222222 0.05 0.17777777777777778
0 0.5483333333333333 0.5111111111111111 0.06333333333333334 0.20444444444444446
0 0.6066666666666667 0.5177777777777778 0.05333333333333334 0.18222222222222223
0 0.675 0.5355555555555556 0.07 0.22666666666666666
0 0.7466666666666667 0.5133333333333333 0.060000000000000005 0.2088888888888889
0 0.7966666666666667 0.49777777777777776 0.05333333333333334 0.18666666666666668
0 0.8733333333333334 0.5066666666666667 0.060000000000000005 0.20444444444444446
