0 0.02391304347826087 0.7075812274368232 0.04782608695652174 0.33212996389891697
0 0.042753623188405795 0.5938628158844765 0.042028985507246375 0.25631768953068595
0 0.059420289855072465 0.5740072202166066 0.028985507246376812 0.18772563176895307
0 0.11159420289855072 0.8267148014440433 0.05507246376811594 0.33935018050541516
0 0.14492753623188406 0.7129963898916968 0.04057971014492753 0.24909747292418774
0 0.17898550724637682 0.720216606498195 0.0391304347826087 0.24909747292418774
0 0.26159420289855073 0.7075812274368232 0.04492753623188406 0.2815884476534296
0 0.2985507246376812 0.7833935018050542 0.06956521739130435 0.4259927797833935
0 0.5224637681159421 0.5938628158844765 0.04492753623188406 0.2779783393501805
0 0.5710144927536231 0.5541516245487365 0.03188405797101449 0.19855595667870038
0 0.5507246376811594 0.5974729241877257 0.03188405797101449 0.20577617328519857
0 0.5782608695652174 0.536101083032491 0.03188405797101449 0.19133574007220217
0 0.6 0.5270758122743683 0.028985507246376812 0.18050541516245489
0 0.6152173913043478 0.5090252707581228 0.02463768115942029 0.1516245487364621
0 0.6304347826086957 0.4909747292418773 0.020289855072463767 0.1371841155234657
0 0.6434782608695653 0.4729241877256318 0.017391304347826087 0.11552346570397112
0 0.6550724637681159 0.46750902527075816 0.020289855072463767 0.1263537906137184
0 0.4644927536231884 0.6624548736462094 0.04782608695652174 0.2996389891696751
0 0.45507246376811594 0.7075812274368232 0.05507246376811594 0.33935018050541516
0 0.38115942028985506 0.7833935018050542 0.06666666666666667 0.40433212996389895
0 0.0746376811594203 0.5108303249097473 0.02753623188405797 0.16967509025270758
0 0.02318840579710145 0.536101083032491 0.026086956521739132 0.16967509025270758
0 0.6753623188405797 0.46389891696750907 0.017391304347826087 0.11191335740072203
