0 0.09224137931034483 0.6351010101010102 0.12241379310344827 0.44191919191919193
0 0.1724137931034483 0.6565656565656566 0.12068965517241378 0.43939393939393945
0 0.2646551724137931 0.638888888888889 0.12931034482758622 0.4646464646464647
0 0.3603448275862069 0.6300505050505051 0.12068965517241378 0.4318181818181819
0 0.44310344827586207 0.6186868686868687 0.13448275862068965 0.48484848484848486
0 0.5120689655172413 0.6287878787878789 0.13448275862068965 0.47979797979797983
0 0.5844827586206897 0.6325757575757577 0.12758620689655173 0.4570707070707071
0 0.653448275862069 0.6464646464646465 0.11724137931034483 0.4191919191919192
0 0.7327586206896551 0.6414141414141414 0.11724137931034483 0.4191919191919192
0 0.8120689655172414 0.6477272727272728 0.11379310344827587 0.41161616161616166
0 0.9060344827586206 0.6464646464646465 0.11551724137931034 0.4191919191919192
0 0.8491379310344828 0.5214646464646465 0.10172413793103448 0.3661616161616162
