0 0.17453505007153075 0.619098712446352 0.05150214592274678 0.19098712446351931
0 0.12589413447782546 0.5793991416309013 0.04005722460658083 0.15450643776824036
0 0.22603719599427755 0.6641630901287554 0.05150214592274678 0.19098712446351931
0 0.36409155937052934 0.6984978540772532 0.07010014306151645 0.2553648068669528
0 0.3948497854077253 0.5879828326180258 0.04005722460658083 0.1459227467811159
0 0.5178826895565093 0.5139484978540773 0.034334763948497854 0.12660944206008584
0 0.5851216022889842 0.7156652360515021 0.06580829756795423 0.24678111587982832
0 0.648068669527897 0.526824034334764 0.031473533619456366 0.1223175965665236
0 0.7603719599427754 0.6781115879828327 0.055793991416309016 0.21030042918454936
0 0.8698140200286123 0.6394849785407726 0.04864091559370529 0.1759656652360515
0 0.8533619456366237 0.5879828326180258 0.04148783977110157 0.15450643776824036
0 0.5643776824034334 0.5450643776824035 0.032904148783977114 0.12446351931330472
0 0.3447782546494993 0.5332618025751072 0.034334763948497854 0.12660944206008584
0 0.2296137339055794 0.5364806866952789 0.035765379113018594 0.13304721030042918
0 0.9835479256080114 0.39914163090128757 0.01859799713876967 0.06866952789699571
