0 0.6036231884057971 0.7264770240700219 0.14057971014492754 0.5207877461706784
0 0.4528985507246377 0.7286652078774617 0.13768115942028986 0.512035010940919
0 0.29782608695652174 0.5722100656455142 0.09420289855072464 0.34792122538293213
0 0.3898550724637681 0.5798687089715536 0.07536231884057971 0.2844638949671772
0 0.4971014492753623 0.5459518599562363 0.08405797101449275 0.31291028446389496
0 0.6739130434782609 0.5962800875273523 0.09855072463768116 0.36542669584245074
0 0.2282608695652174 0.5448577680525164 0.07681159420289856 0.28884026258205686
0 0.33405797101449275 0.5525164113785558 0.08550724637681159 0.31291028446389496
0 0.12608695652173912 0.4693654266958424 0.06376811594202898 0.23413566739606126
0 0.07173913043478261 0.47264770240700216 0.09710144927536232 0.35886214442013126
0 0.1753623188405797 0.4814004376367615 0.07246376811594203 0.2713347921225383
0 0.034782608695652174 0.3347921225382932 0.043478260869565216 0.16630196936542668
0 0.5942028985507246 0.27024070021881835 0.020289855072463767 0.07658643326039387
0 0.605072463768116 0.2713347921225383 0.01884057971014493 0.0700218818380744
0 0.6181159420289856 0.27571115973741794 0.015942028985507246 0.061269146608315096
0 0.9108695652173913 0.2603938730853392 0.021739130434782608 0.0787746170678337
0 0.8927536231884058 0.2527352297592998 0.02318840579710145 0.08533916849015317
0 0.8695652173913043 0.2614879649890591 0.017391304347826087 0.06783369803063458
0 0.8594202898550725 0.2647702407002188 0.020289855072463767 0.0787746170678337
0 0.8369565217391305 0.2636761487964989 0.01884057971014493 0.07658643326039387
0 0.8246376811594203 0.2592997811816192 0.017391304347826087 0.07221006564551422
0 0.7992753623188406 0.2592997811816192 0.021739130434782608 0.08096280087527352
0 0.7876811594202898 0.25820568927789933 0.021739130434782608 0.0787746170678337
0 0.7702898550724637 0.26805251641137856 0.021739130434782608 0.08096280087527352
0 0.7471014492753624 0.26258205689277897 0.021739130434782608 0.0787746170678337
0 0.7594202898550725 0.2658643326039387 0.020289855072463767 0.08096280087527352
0 0.7086956521739131 0.2636761487964989 0.014492753623188406 0.05908096280087527
0 0.7304347826086957 0.27024070021881835 0.017391304347826087 0.06783369803063458
0 0.4318840579710145 0.2735229759299781 0.020289855072463767 0.07439824945295405
0 0.6630434782608696 0.2669584245076586 0.01884057971014493 0.0700218818380744
