0 0.18533333333333332 0.6847389558232931 0.16533333333333333 0.610441767068273
0 0.428 0.7108433734939759 0.152 0.5582329317269076
0 0.614 0.7269076305220883 0.14266666666666666 0.5261044176706827
0 0.7506666666666666 0.6164658634538152 0.064 0.24096385542168672
0 0.82 0.753012048192771 0.128 0.4698795180722891
0 0.8806666666666666 0.7238955823293172 0.10266666666666667 0.37550200803212846
0 0.952 0.6375502008032128 0.072 0.26706827309236947
0 0.6706666666666666 0.5953815261044176 0.05333333333333333 0.20281124497991965
0 0.29333333333333333 0.571285140562249 0.06133333333333333 0.22690763052208834
0 0.04533333333333333 0.535140562248996 0.042666666666666665 0.16265060240963855
0 0.09999999999999999 0.5311244979919678 0.04533333333333333 0.16666666666666666
0 0.06866666666666667 0.5331325301204819 0.044 0.16265060240963855
0 0.33466666666666667 0.5612449799196787 0.048 0.17469879518072287
0 0.2373333333333333 0.5441767068273092 0.029333333333333333 0.11244979919678713
0 0.7153333333333333 0.5773092369477911 0.04133333333333333 0.1546184738955823
0 0.7753333333333333 0.5933734939759036 0.04133333333333333 0.1546184738955823
0 0.5426666666666666 0.6144578313253012 0.07733333333333334 0.285140562248996
