0 0.25833333333333336 0.6854636591478697 0.10666666666666667 0.39849624060150374
0 0.0325 0.68796992481203 0.065 0.2832080200501253
0 0.09583333333333334 0.6929824561403508 0.06833333333333334 0.2581453634085213
0 0.17083333333333334 0.7255639097744361 0.07166666666666667 0.2681704260651629
0 0.13333333333333333 0.6867167919799498 0.07333333333333333 0.2706766917293233
0 0.35833333333333334 0.6729323308270676 0.08 0.2932330827067669
0 0.3925 0.6791979949874687 0.07500000000000001 0.2756892230576441
0 0.42833333333333334 0.68796992481203 0.07666666666666667 0.2882205513784461
0 0.4783333333333334 0.6979949874686716 0.07666666666666667 0.2832080200501253
0 0.5533333333333333 0.7030075187969924 0.07333333333333333 0.2681704260651629
0 0.6000000000000001 0.7092731829573935 0.07 0.2656641604010025
0 0.6383333333333334 0.7030075187969924 0.08 0.2932330827067669
0 0.675 0.6766917293233082 0.08666666666666667 0.3208020050125313
0 0.7308333333333333 0.694235588972431 0.07833333333333334 0.2907268170426065
0 0.8066666666666668 0.6929824561403508 0.08 0.2982456140350877
0 0.9641666666666667 0.681704260651629 0.07166666666666667 0.3157894736842105
0 0.3075 0.7030075187969924 0.065 0.24310776942355888
0 0.5141666666666667 0.7092731829573935 0.07500000000000001 0.2756892230576441
