0 0.031632653061224494 0.5463215258855586 0.014285714285714287 0.051771117166212535
0 0.01938775510204082 0.544959128065395 0.010204081632653062 0.03814713896457766
0 0.04387755102040817 0.553133514986376 0.014285714285714287 0.05449591280653951
0 0.06836734693877551 0.5517711171662125 0.014285714285714287 0.04632152588555858
0 0.10102040816326531 0.5435967302452316 0.014285714285714287 0.04632152588555858
0 0.0816326530612245 0.5435967302452316 0.012244897959183675 0.04632152588555858
0 0.11836734693877551 0.547683923705722 0.012244897959183675 0.043596730245231606
0 0.13571428571428573 0.553133514986376 0.014285714285714287 0.05449591280653951
0 0.15306122448979592 0.553133514986376 0.012244897959183675 0.043596730245231606
0 0.17448979591836736 0.5367847411444141 0.010204081632653062 0.043596730245231606
0 0.19183673469387758 0.5381471389645777 0.012244897959183675 0.04087193460490463
0 0.20918367346938777 0.544959128065395 0.010204081632653062 0.043596730245231606
0 0.23775510204081635 0.5395095367847411 0.014285714285714287 0.049046321525885554
0 0.2642857142857143 0.5408719346049046 0.014285714285714287 0.051771117166212535
0 0.3704081632653062 0.5340599455040872 0.022448979591836737 0.08174386920980926
