0 0.06381381381381382 0.40765765765765766 0.02252252252252252 0.08558558558558559
0 0.09309309309309309 0.3975225225225225 0.018018018018018018 0.06981981981981981
0 0.11861861861861862 0.4009009009009009 0.02102102102102102 0.08108108108108109
0 0.14414414414414414 0.41216216216216217 0.02102102102102102 0.08108108108108109
0 0.15840840840840842 0.40653153153153154 0.025525525525525526 0.10135135135135136
0 0.20045045045045046 0.4099099099099099 0.016516516516516516 0.06306306306306306
0 0.2087087087087087 0.39864864864864863 0.015015015015015015 0.06306306306306306
0 0.25975975975975973 0.3885135135135135 0.04804804804804805 0.17792792792792791
0 0.29429429429429427 0.42004504504504503 0.02702702702702703 0.10585585585585586
0 0.2747747747747748 0.40653153153153154 0.018018018018018018 0.06531531531531531
0 0.4572072072072072 0.4177927927927928 0.013513513513513514 0.0518018018018018
0 0.5082582582582582 0.42905405405405406 0.013513513513513514 0.0472972972972973
0 0.5487987987987988 0.4358108108108108 0.01051051051051051 0.038288288288288286
0 0.48423423423423423 0.42454954954954954 0.013513513513513514 0.0472972972972973
0 0.7755255255255256 0.4380630630630631 0.013513513513513514 0.0472972972972973
0 0.8123123123123123 0.4403153153153153 0.009009009009009009 0.038288288288288286
