0 0.024390243902439025 0.8449781659388645 0.04878048780487805 0.24890829694323144
0 0.07682926829268293 0.8122270742358079 0.06097560975609756 0.2794759825327511
0 0.14634146341463414 0.8144104803493449 0.05365853658536585 0.23144104803493448
0 0.18048780487804877 0.796943231441048 0.06341463414634146 0.27510917030567683
0 0.2121951219512195 0.8034934497816594 0.04878048780487805 0.22707423580786024
0 0.23902439024390243 0.7838427947598253 0.058536585365853655 0.2663755458515284
0 0.30365853658536585 0.8013100436681222 0.05609756097560976 0.24890829694323144
0 0.3353658536585366 0.8100436681222707 0.05609756097560976 0.2576419213973799
0 0.38902439024390245 0.8078602620087336 0.07073170731707316 0.31441048034934493
0 0.43902439024390244 0.8187772925764192 0.06341463414634146 0.29257641921397376
0 0.48292682926829267 0.7903930131004366 0.06341463414634146 0.2794759825327511
0 0.5353658536585366 0.7925764192139737 0.06585365853658537 0.2838427947598253
0 0.5841463414634146 0.7991266375545851 0.06585365853658537 0.296943231441048
0 0.651219512195122 0.7991266375545851 0.058536585365853655 0.2707423580786026
0 0.6231707317073171 0.7008733624454148 0.05609756097560976 0.24890829694323144
0 0.6621951219512195 0.7205240174672489 0.05121951219512195 0.23580786026200873
0 0.6878048780487804 0.7685589519650655 0.058536585365853655 0.2707423580786026
0 0.7207317073170731 0.7379912663755458 0.06097560975609756 0.26200873362445415
0 0.7536585365853659 0.7139737991266375 0.04878048780487805 0.21397379912663755
0 0.775609756097561 0.7729257641921397 0.058536585365853655 0.2707423580786026
0 0.8219512195121951 0.7510917030567685 0.05365853658536585 0.2445414847161572
0 0.8548780487804878 0.8231441048034934 0.07073170731707316 0.31004366812227074
0 0.8804878048780488 0.7620087336244541 0.06341463414634146 0.29257641921397376
0 0.8987804878048781 0.49344978165938863 0.01707317073170732 0.07860262008733623
0 0.9146341463414634 0.4759825327510917 0.01951219512195122 0.08733624454148471
0 0.9390243902439024 0.47816593886462877 0.01951219512195122 0.09170305676855894
