0 0.14791666666666667 0.7444444444444445 0.15416666666666667 0.5
0 0.10833333333333334 0.7212962962962963 0.1388888888888889 0.45740740740740743
0 0.08333333333333334 0.700925925925926 0.11388888888888889 0.37592592592592594
0 0.07222222222222223 0.6722222222222223 0.10277777777777779 0.33333333333333337
0 0.05347222222222223 0.6398148148148148 0.09583333333333334 0.312962962962963
0 0.03819444444444445 0.6074074074074074 0.0763888888888889 0.2518518518518519
0 0.034722222222222224 0.6018518518518519 0.06944444444444445 0.2555555555555556
0 0.2576388888888889 0.5287037037037037 0.0375 0.1277777777777778
0 0.33472222222222225 0.575925925925926 0.05277777777777778 0.17407407407407408
0 0.3576388888888889 0.5731481481481482 0.04583333333333334 0.1537037037037037
0 0.38958333333333334 0.5814814814814815 0.05416666666666667 0.1814814814814815
0 0.4451388888888889 0.5861111111111111 0.05694444444444444 0.18703703703703706
0 0.48541666666666666 0.5935185185185186 0.059722222222222225 0.19444444444444445
0 0.5152777777777778 0.5842592592592593 0.05555555555555556 0.18703703703703706
0 0.6006944444444444 0.6314814814814815 0.07916666666666666 0.25925925925925924
0 0.6180555555555556 0.6694444444444445 0.09166666666666667 0.29814814814814816
0 0.69375 0.6833333333333333 0.09305555555555556 0.3037037037037037
0 0.6659722222222223 0.625 0.07361111111111111 0.24629629629629632
0 0.7763888888888889 0.6435185185185185 0.08055555555555556 0.26851851851851855
0 0.8111111111111111 0.6870370370370371 0.10833333333333334 0.35555555555555557
0 0.8493055555555555 0.6527777777777778 0.08750000000000001 0.29074074074074074
0 0.9145833333333334 0.6638888888888889 0.09305555555555556 0.30185185185185187
