0 0.045000000000000005 0.60913140311804 0.03666666666666667 0.12249443207126948
0 0.07333333333333333 0.6069042316258352 0.03666666666666667 0.12694877505567928
0 0.11083333333333334 0.6202672605790646 0.03166666666666667 0.10913140311804008
0 0.4683333333333334 0.7271714922048997 0.07333333333333333 0.23830734966592426
0 0.5091666666666667 0.7951002227171492 0.085 0.27616926503340755
0 0.49250000000000005 0.6013363028953229 0.045000000000000005 0.1514476614699332
0 0.5683333333333334 0.5935412026726058 0.013333333333333334 0.051224944320712694
0 0.5850000000000001 0.6191536748329621 0.016666666666666666 0.05790645879732739
0 0.6333333333333334 0.6146993318485523 0.023333333333333334 0.08463251670378619
0 0.7400000000000001 0.6169265033407572 0.05333333333333334 0.17817371937639198
0 0.7716666666666667 0.6124721603563474 0.04 0.12917594654788417
0 0.41250000000000003 0.5779510022271714 0.015000000000000001 0.04677060133630289
0 0.395 0.5868596881959911 0.013333333333333334 0.042316258351893093
0 0.38583333333333336 0.5835189309576837 0.015000000000000001 0.04899777282850779
0 0.5283333333333333 0.5957683741648107 0.016666666666666666 0.060133630289532294
0 0.9875 0.5957683741648107 0.025 0.10913140311804008
