0 0.09546313799621929 0.7934508816120907 0.054820415879017016 0.181360201511335
0 0.16918714555765596 0.7909319899244333 0.054820415879017016 0.17632241813602015
0 0.22306238185255198 0.7909319899244333 0.04914933837429112 0.16624685138539042
0 0.277882797731569 0.7909319899244333 0.05671077504725898 0.18639798488664988
0 0.40359168241965976 0.7808564231738035 0.03969754253308129 0.1309823677581864
0 0.45274102079395084 0.7657430730478589 0.035916824196597356 0.1158690176322418
0 0.6474480151228733 0.7921914357682619 0.04725897920604915 0.15869017632241814
0 0.7400756143667298 0.7884130982367757 0.054820415879017016 0.181360201511335
0 0.8147448015122873 0.7947103274559194 0.04914933837429112 0.16876574307304784
0 0.8818525519848771 0.783375314861461 0.04725897920604915 0.15113350125944583
