0 0.04433497536945813 0.521 0.08866995073891626 0.28600000000000003
0 0.0665024630541872 0.52 0.1330049261083744 0.264
0 0.10344827586206896 0.514 0.12807881773399016 0.26
0 0.14532019704433496 0.524 0.13793103448275862 0.28
0 0.23645320197044334 0.534 0.1477832512315271 0.296
0 0.32019704433497537 0.505 0.14285714285714285 0.28200000000000003
0 0.13793103448275862 0.592 0.1724137931034483 0.34
0 0.6859605911330049 0.502 0.11576354679802955 0.232
0 0.7413793103448276 0.512 0.10344827586206896 0.212
0 0.8078817733990148 0.5 0.12315270935960591 0.244
0 0.8928571428571429 0.512 0.1206896551724138 0.24
0 0.9433497536945813 0.523 0.10344827586206896 0.21
