0 0.725 0.6456456456456456 0.122 0.45045045045045046
0 0.605 0.6636636636636637 0.122 0.45045045045045046
0 0.641 0.6246246246246246 0.122 0.45045045045045046
0 0.547 0.6276276276276276 0.11800000000000001 0.43843843843843844
0 0.514 0.6096096096096096 0.10400000000000001 0.3843843843843844
0 0.418 0.6696696696696697 0.116 0.43243243243243246
0 0.387 0.6381381381381381 0.114 0.42342342342342343
0 0.341 0.6261261261261262 0.106 0.3933933933933934
0 0.262 0.6156156156156156 0.112 0.4084084084084084
0 0.225 0.56006006006006 0.098 0.36936936936936937
0 0.16 0.5915915915915916 0.1 0.3663663663663664
0 0.125 0.5645645645645646 0.094 0.34234234234234234
0 0.077 0.5795795795795796 0.08600000000000001 0.3123123123123123
0 0.051000000000000004 0.539039039039039 0.09 0.33933933933933935
