0 0.037 0.703030303030303 0.074 0.4
0 0.342 0.7378787878787879 0.10400000000000001 0.39090909090909093
0 0.593 0.7045454545454546 0.098 0.36666666666666664
0 0.609 0.75 0.11800000000000001 0.43333333333333335
0 0.66 0.7560606060606061 0.132 0.48787878787878786
0 0.715 0.7606060606060606 0.114 0.4303030303030303
0 0.874 0.7181818181818181 0.108 0.40606060606060607
0 0.918 0.7712121212121212 0.112 0.41515151515151516
0 0.9480000000000001 0.7742424242424243 0.10400000000000001 0.41515151515151516
0 0.9570000000000001 0.7515151515151515 0.08600000000000001 0.4727272727272727
0 0.122 0.6575757575757576 0.056 0.20606060606060606
0 0.166 0.6575757575757576 0.056 0.20606060606060606
