0 0.07890625000000001 0.4590395480225989 0.1203125 0.5338983050847458
0 0.05 0.5282485875706214 0.1 0.5536723163841808
0 0.20390625 0.4562146892655367 0.11093750000000001 0.5
0 0.27187500000000003 0.5409604519774012 0.12187500000000001 0.53954802259887
0 0.29296875 0.4604519774011299 0.1078125 0.480225988700565
0 0.38125000000000003 0.481638418079096 0.115625 0.5169491525423728
0 0.44140625 0.4590395480225989 0.11406250000000001 0.5112994350282486
0 0.45703125 0.4435028248587571 0.1015625 0.4519774011299435
0 0.55078125 0.4703389830508475 0.11406250000000001 0.5056497175141242
0 0.65625 0.4887005649717514 0.12187500000000001 0.536723163841808
0 0.7273437500000001 0.4717514124293785 0.11093750000000001 0.4915254237288136
0 0.9789062500000001 0.346045197740113 0.0421875 0.18926553672316385
0 0.9578125000000001 0.3545197740112994 0.046875 0.211864406779661
0 0.9148437500000001 0.3502824858757062 0.051562500000000004 0.23728813559322035
0 0.8914062500000001 0.3728813559322034 0.0484375 0.21468926553672316
0 0.84921875 0.365819209039548 0.0390625 0.17796610169491525
0 0.815625 0.3446327683615819 0.05 0.22033898305084745
0 0.7781250000000001 0.327683615819209 0.037500000000000006 0.1751412429378531
0 0.75 0.3192090395480226 0.040625 0.1864406779661017
0 0.6273437500000001 0.3389830508474576 0.0421875 0.192090395480226
0 0.5906250000000001 0.3418079096045198 0.046875 0.20903954802259886
0 0.56796875 0.3319209039548023 0.0421875 0.18926553672316385
0 0.540625 0.3446327683615819 0.046875 0.21468926553672316
0 0.11406250000000001 0.3107344632768362 0.034375 0.15254237288135594
0 0.14375000000000002 0.327683615819209 0.034375 0.15254237288135594
