0 0.019333333333333334 0.64 0.03866666666666667 0.176
0 0.03666666666666667 0.649 0.04933333333333333 0.186
0 0.09466666666666666 0.653 0.048 0.178
0 0.14733333333333332 0.657 0.052 0.194
0 0.122 0.662 0.044 0.164
0 0.19799999999999998 0.65 0.044 0.168
0 0.17533333333333334 0.655 0.04133333333333333 0.154
0 0.22733333333333333 0.644 0.044 0.16
0 0.2533333333333333 0.652 0.048 0.176
0 0.29266666666666663 0.646 0.04133333333333333 0.152
0 0.31466666666666665 0.659 0.048 0.178
0 0.3433333333333333 0.653 0.04666666666666666 0.17
0 0.35666666666666663 0.653 0.044 0.162
0 0.3793333333333333 0.664 0.052 0.192
0 0.4093333333333333 0.659 0.048 0.17400000000000002
0 0.42933333333333334 0.662 0.042666666666666665 0.16
0 0.448 0.667 0.048 0.17400000000000002
0 0.49666666666666665 0.657 0.06799999999999999 0.25
0 0.47733333333333333 0.664 0.04533333333333333 0.168
0 0.5206666666666666 0.669 0.04666666666666666 0.178
0 0.538 0.67 0.04666666666666666 0.176
0 0.572 0.665 0.048 0.182
0 0.6146666666666667 0.67 0.04533333333333333 0.164
0 0.644 0.667 0.048 0.178
0 0.6653333333333333 0.67 0.050666666666666665 0.192
0 0.6913333333333334 0.67 0.052 0.192
0 0.7173333333333333 0.672 0.048 0.18
0 0.7373333333333333 0.675 0.042666666666666665 0.162
0 0.7586666666666666 0.676 0.050666666666666665 0.188
0 0.7846666666666666 0.667 0.04933333333333333 0.182
0 0.8079999999999999 0.667 0.048 0.17400000000000002
0 0.838 0.676 0.04933333333333333 0.184
