0 0.10289855072463769 0.4608695652173913 0.0927536231884058 0.3391304347826087
0 0.1492753623188406 0.3641304347826087 0.0463768115942029 0.17173913043478262
0 0.19855072463768117 0.4 0.07536231884057971 0.2739130434782609
0 0.35579710144927534 0.5021739130434782 0.14057971014492754 0.5173913043478261
0 0.4652173913043478 0.44565217391304346 0.08695652173913043 0.32608695652173914
0 0.5065217391304347 0.4934782608695652 0.05652173913043478 0.21304347826086956
0 0.5536231884057972 0.6760869565217391 0.1681159420289855 0.6130434782608696
0 0.558695652173913 0.5793478260869566 0.12318840579710146 0.4543478260869565
0 0.6949275362318841 0.4565217391304348 0.09130434782608696 0.3391304347826087
0 0.7514492753623189 0.44673913043478264 0.06521739130434782 0.24565217391304348
0 0.7920289855072464 0.4326086956521739 0.0536231884057971 0.20434782608695654
0 0.8456521739130435 0.3934782608695652 0.0391304347826087 0.14347826086956522
0 0.8702898550724638 0.3782608695652174 0.0391304347826087 0.14782608695652175
0 0.9572463768115942 0.5641304347826087 0.08550724637681159 0.5717391304347826
0 0.9492753623188406 0.44021739130434784 0.10144927536231885 0.3717391304347826
0 0.5521739130434783 0.37934782608695655 0.057971014492753624 0.21521739130434783
