0 0.17750000000000002 0.5181818181818182 0.06833333333333334 0.3090909090909091
0 0.2016666666666667 0.6045454545454545 0.11 0.48787878787878786
0 0.20916666666666667 0.6848484848484848 0.13166666666666668 0.5878787878787879
0 0.28 0.6712121212121213 0.14333333333333334 0.6454545454545455
0 0.3975 0.6060606060606061 0.08833333333333333 0.3939393939393939
0 0.45583333333333337 0.6575757575757576 0.10833333333333334 0.4909090909090909
0 0.7425 0.6060606060606061 0.10833333333333334 0.4909090909090909
0 0.7958333333333334 0.5772727272727273 0.058333333333333334 0.2696969696969697
0 0.8283333333333334 0.6106060606060606 0.09000000000000001 0.396969696969697
0 0.9058333333333334 0.5803030303030303 0.07500000000000001 0.33636363636363636
0 0.9733333333333334 0.5515151515151515 0.05333333333333334 0.296969696969697
