0 0.05106382978723405 0.7639553429027113 0.1021276595744681 0.46570972886762363
0 0.21861702127659574 0.7655502392344498 0.12446808510638298 0.456140350877193
0 0.7473404255319149 0.740829346092504 0.13936170212765958 0.5087719298245614
0 0.5414893617021277 0.7392344497607656 0.14042553191489363 0.5151515151515151
0 0.49521276595744684 0.7360446570972887 0.13936170212765958 0.5119617224880383
0 0.8531914893617022 0.2703349282296651 0.07872340425531915 0.291866028708134
0 0.32659574468085106 0.5661881977671451 0.13617021276595745 0.49760765550239233
0 0.25053191489361704 0.5861244019138756 0.15212765957446808 0.5566188197767146
0 0.40372340425531916 0.3963317384370016 0.10106382978723405 0.3684210526315789
0 0.8611702127659575 0.7440191387559809 0.13936170212765958 0.5087719298245614
0 0.9617021276595745 0.7368421052631579 0.07659574468085106 0.5167464114832536
0 0.35212765957446807 0.3229665071770335 0.09574468085106383 0.3492822966507177
0 0.2574468085106383 0.24481658692185007 0.0723404255319149 0.266347687400319
0 0.3159574468085106 0.25199362041467305 0.07021276595744681 0.2551834130781499
0 0.49521276595744684 0.3915470494417863 0.08617021276595745 0.317384370015949
0 0.6861702127659575 0.17543859649122806 0.05319148936170213 0.1977671451355662
0 0.7186170212765958 0.2934609250398724 0.07340425531914893 0.2711323763955343
