0 0.09628378378378379 0.38870703764320785 0.19256756756756757 0.49918166939443537
0 0.16131756756756757 0.40343698854337157 0.1908783783783784 0.45662847790507366
0 0.27787162162162166 0.3805237315875614 0.1097972972972973 0.2635024549918167
0 0.3918918918918919 0.4623567921440262 0.19256756756756757 0.45662847790507366
0 0.5413851351351352 0.3690671031096563 0.0625 0.14893617021276598
0 0.625 0.4402618657937807 0.07770270270270271 0.18985270049099837
0 0.6722972972972974 0.4828150572831424 0.11486486486486487 0.27168576104746317
0 0.7280405405405406 0.4975450081833061 0.10810810810810811 0.25859247135842883
0 0.8116554054054055 0.5270049099836334 0.09628378378378379 0.23240589198036007
0 0.9020270270270271 0.5490998363338789 0.12162162162162163 0.2864157119476268
