0 0.8944444444444445 0.5996621621621622 0.12666666666666668 0.47635135135135137
0 0.7855555555555556 0.606418918918919 0.11333333333333333 0.42905405405405406
0 0.7 0.5945945945945946 0.1111111111111111 0.41891891891891897
0 0.5833333333333334 0.5895270270270271 0.10888888888888888 0.41554054054054057
0 0.5311111111111111 0.5760135135135136 0.1111111111111111 0.4087837837837838
0 0.48 0.5793918918918919 0.10222222222222223 0.38851351351351354
0 0.4533333333333333 0.5658783783783784 0.09777777777777778 0.375
0 0.42 0.6216216216216217 0.10666666666666666 0.3986486486486487
0 0.3388888888888889 0.606418918918919 0.10444444444444445 0.38851351351351354
0 0.08555555555555555 0.5777027027027027 0.08222222222222222 0.30405405405405406
0 0.12555555555555556 0.5793918918918919 0.08666666666666667 0.32094594594594594
0 0.17666666666666667 0.5895270270270271 0.07777777777777778 0.3006756756756757
0 0.9766666666666667 0.4831081081081081 0.042222222222222223 0.16891891891891891
