0 0.10315186246418338 0.5555555555555556 0.20630372492836677 0.43589743589743596
0 0.29656160458452724 0.5448717948717949 0.1977077363896848 0.3632478632478633
0 0.4828080229226361 0.5010683760683761 0.19197707736389685 0.35683760683760685
0 0.6017191977077364 0.5373931623931625 0.20057306590257878 0.3653846153846154
0 0.828080229226361 0.45299145299145305 0.12034383954154727 0.21794871794871798
0 0.7722063037249284 0.44978632478632485 0.10028653295128939 0.18162393162393164
0 0.664756446991404 0.5694444444444445 0.15472779369627507 0.2799145299145299
0 0.6762177650429799 0.3910256410256411 0.09742120343839542 0.17521367521367523
0 0.6203438395415473 0.37500000000000006 0.0659025787965616 0.1217948717948718
0 0.2707736389684814 0.11431623931623933 0.04871060171919771 0.09188034188034189
0 0.43409742120343836 0.11752136752136753 0.04871060171919771 0.09401709401709403
0 0.22779369627507162 0.12072649572649574 0.04297994269340974 0.08333333333333334
0 0.12320916905444125 0.2061965811965812 0.06876790830945559 0.13034188034188035
