0 0.095 0.13963963963963963 0.074 0.27927927927927926
0 0.137 0.13663663663663664 0.07 0.26726726726726724
0 0.161 0.13513513513513514 0.074 0.2702702702702703
0 0.219 0.1066066066066066 0.054 0.2072072072072072
0 0.048 0.3303303303303303 0.096 0.3843843843843844
0 0.189 0.7552552552552553 0.11800000000000001 0.4294294294294294
0 0.23500000000000001 0.6651651651651651 0.134 0.4894894894894895
0 0.516 0.7462462462462462 0.124 0.46546546546546547
0 0.751 0.5915915915915916 0.11800000000000001 0.43243243243243246
0 0.725 0.545045045045045 0.122 0.44744744744744747
0 0.20500000000000002 0.3078078078078078 0.046 0.17117117117117117
0 0.274 0.3333333333333333 0.048 0.17417417417417416
0 0.376 0.2807807807807808 0.06 0.23123123123123124
