0 0.5609375 0.7771428571428571 0.05625 0.25142857142857145
0 0.51796875 0.81 0.0578125 0.26
0 0.05390625 0.6728571428571428 0.0421875 0.18571428571428572
0 0.95234375 0.8185714285714286 0.0546875 0.24857142857142858
0 0.9828125000000001 0.7742857142857142 0.034375 0.2
0 0.8921875 0.7614285714285715 0.046875 0.22
0 0.9085937500000001 0.7314285714285714 0.045312500000000006 0.2057142857142857
0 0.86640625 0.7985714285714286 0.0484375 0.21428571428571427
0 0.84375 0.8 0.043750000000000004 0.2057142857142857
0 0.81953125 0.7728571428571429 0.0484375 0.21428571428571427
0 0.8046875 0.8214285714285714 0.053125000000000006 0.24285714285714285
0 0.7625000000000001 0.7871428571428571 0.043750000000000004 0.19714285714285715
0 0.7210937500000001 0.8014285714285714 0.0484375 0.21428571428571427
0 0.68515625 0.8171428571428572 0.045312500000000006 0.2057142857142857
0 0.6687500000000001 0.7685714285714286 0.053125000000000006 0.2342857142857143
0 0.6171875 0.7814285714285715 0.040625 0.18
0 0.6351562500000001 0.7357142857142858 0.045312500000000006 0.20285714285714285
0 0.5890625 0.6857142857142857 0.046875 0.21714285714285714
0 0.40078125000000003 0.6657142857142857 0.0328125 0.15428571428571428
