0 0.2941666666666667 0.68 0.135 0.4444444444444444
0 0.4866666666666667 0.5822222222222222 0.07 0.2311111111111111
0 0.5308333333333334 0.5677777777777778 0.065 0.21555555555555556
0 0.5841666666666667 0.5855555555555556 0.07166666666666667 0.23777777777777778
0 0.6316666666666667 0.5688888888888889 0.06666666666666667 0.21777777777777776
0 0.6625000000000001 0.56 0.055 0.17777777777777778
0 0.7025 0.58 0.07166666666666667 0.24
0 0.7300000000000001 0.5677777777777778 0.06333333333333334 0.20666666666666667
0 0.7625000000000001 0.5655555555555556 0.06166666666666667 0.20222222222222222
0 0.7816666666666667 0.55 0.05666666666666667 0.18444444444444444
0 0.8158333333333334 0.5888888888888889 0.07500000000000001 0.24888888888888888
0 0.8325 0.5733333333333334 0.07166666666666667 0.2311111111111111
0 0.8641666666666667 0.5488888888888889 0.058333333333333334 0.19111111111111112
