0 0.2016666666666667 0.5712166172106825 0.04 0.18100890207715134
0 0.24833333333333335 0.5578635014836796 0.043333333333333335 0.18991097922848665
0 0.29333333333333333 0.5534124629080119 0.03333333333333333 0.14540059347181009
0 0.32583333333333336 0.56973293768546 0.03833333333333334 0.16617210682492584
0 0.3616666666666667 0.5652818991097923 0.04 0.18100890207715134
0 0.45083333333333336 0.5593471810089021 0.03833333333333334 0.17507418397626112
0 0.48333333333333334 0.5534124629080119 0.043333333333333335 0.19287833827893175
0 0.5241666666666667 0.5593471810089021 0.04166666666666667 0.18694362017804156
0 0.5900000000000001 0.5593471810089021 0.04 0.17507418397626112
0 0.66 0.5623145400593472 0.04 0.18100890207715134
0 0.7116666666666667 0.5489614243323442 0.04666666666666667 0.20771513353115728
0 0.7616666666666667 0.543026706231454 0.05 0.2255192878338279
0 0.8175 0.5534124629080119 0.058333333333333334 0.2522255192878338
0 0.8991666666666667 0.5385756676557863 0.021666666666666667 0.09198813056379822
