0 0.13 0.6374133949191686 0.14307692307692307 0.5219399538106235
0 0.21615384615384614 0.6535796766743649 0.13384615384615384 0.4896073903002309
0 0.30538461538461537 0.6628175519630485 0.1276923076923077 0.4665127020785219
0 0.39076923076923076 0.6558891454965358 0.12615384615384614 0.4665127020785219
0 0.4469230769230769 0.663972286374134 0.12461538461538461 0.45958429561200925
0 0.5276923076923077 0.6605080831408776 0.13538461538461538 0.4942263279445727
0 0.6069230769230769 0.6558891454965358 0.13384615384615384 0.4896073903002309
0 0.6823076923076923 0.6524249422632794 0.14 0.5103926096997691
0 0.7730769230769231 0.6685912240184757 0.1276923076923077 0.46882217090069284
0 0.8692307692307693 0.6385681293302541 0.14461538461538462 0.5334872979214781
