0 0.084375 0.773921200750469 0.07625 0.2795497185741088
0 0.15 0.7917448405253283 0.0675 0.25140712945590993
0 0.206875 0.7833020637898687 0.06375 0.23827392120075047
0 0.273125 0.7786116322701688 0.08125 0.2964352720450281
0 0.240625 0.7560975609756098 0.07375 0.2701688555347092
0 0.185 0.7729831144465291 0.075 0.27392120075046905
0 0.12875 0.7692307692307693 0.0825 0.30393996247654786
0 0.29812500000000003 0.7617260787992496 0.07375 0.27392120075046905
0 0.32937500000000003 0.7786116322701688 0.08375 0.3076923076923077
0 0.355625 0.7542213883677298 0.07375 0.27392120075046905
0 0.385625 0.7964352720450282 0.06875 0.2570356472795497
0 0.436875 0.7861163227016885 0.07125000000000001 0.26641651031894936
0 0.491875 0.7776735459662288 0.06625 0.24577861163227016
0 0.5387500000000001 0.7898686679174484 0.07 0.2551594746716698
0 0.584375 0.774859287054409 0.06625 0.24390243902439024
0 0.623125 0.7786116322701688 0.07125000000000001 0.2626641651031895
0 0.6725 0.7720450281425891 0.0725 0.27204502814258913
0 0.46125 0.7551594746716698 0.0775 0.29080675422138835
0 0.41125 0.7439024390243902 0.0775 0.2870544090056285
0 0.5181250000000001 0.7401500938086304 0.07375 0.27204502814258913
