0 0.15 0.7650375939849624 0.1275 0.4699248120300752
0 0.283125 0.6983082706766917 0.04625 0.17105263157894735
0 0.258125 0.7011278195488722 0.04625 0.17293233082706766
0 0.35375 0.7406015037593985 0.055 0.20300751879699247
0 0.39125 0.7669172932330827 0.0825 0.3082706766917293
0 0.545 0.7030075187969924 0.055 0.20300751879699247
0 0.671875 0.7321428571428571 0.08625000000000001 0.3176691729323308
0 0.6900000000000001 0.706766917293233 0.0675 0.25187969924812026
0 0.748125 0.700187969924812 0.06375 0.23872180451127817
0 0.780625 0.7236842105263157 0.06375 0.24060150375939848
0 0.84125 0.7020676691729323 0.065 0.2424812030075188
0 0.92125 0.7114661654135338 0.065 0.23872180451127817
0 0.9712500000000001 0.6964285714285714 0.0575 0.21616541353383456
