0 0.15 0.5191740412979351 0.17200000000000001 0.6253687315634218
0 0.353 0.3997050147492625 0.11 0.39823008849557523
0 0.394 0.3775811209439528 0.1 0.359882005899705
0 0.459 0.5309734513274336 0.194 0.7079646017699115
0 0.634 0.43215339233038347 0.17200000000000001 0.6283185840707964
0 0.727 0.3112094395280236 0.07 0.25663716814159293
0 0.8250000000000001 0.41150442477876104 0.126 0.45132743362831856
0 0.9380000000000001 0.46607669616519176 0.124 0.584070796460177
0 0.918 0.45132743362831856 0.136 0.4896755162241888
0 0.894 0.32890855457227136 0.10400000000000001 0.3746312684365782
