0 0.05044843049327354 0.67 0.10089686098654709 0.38
0 0.10650224215246637 0.665 0.10089686098654709 0.3766666666666667
0 0.1726457399103139 0.665 0.09865470852017937 0.36333333333333334
0 0.22982062780269058 0.675 0.08744394618834081 0.3166666666666667
0 0.2858744394618834 0.6566666666666667 0.09192825112107623 0.33333333333333337
0 0.3430493273542601 0.6466666666666667 0.08520179372197309 0.3066666666666667
0 0.3934977578475336 0.6416666666666667 0.08744394618834081 0.3166666666666667
0 0.44506726457399104 0.635 0.08295964125560538 0.30333333333333334
0 0.49551569506726456 0.635 0.08071748878923767 0.29000000000000004
0 0.5347533632286996 0.62 0.08295964125560538 0.30000000000000004
0 0.5874439461883408 0.6183333333333334 0.08071748878923767 0.30333333333333334
0 0.6356502242152466 0.615 0.07847533632286996 0.2833333333333333
0 0.6065022421524664 0.5900000000000001 0.06502242152466367 0.24666666666666667
0 0.6760089686098655 0.6000000000000001 0.07399103139013453 0.26666666666666666
0 0.7174887892376681 0.6050000000000001 0.07623318385650224 0.27666666666666667
0 0.7488789237668161 0.5950000000000001 0.06726457399103139 0.25
0 0.7993273542600897 0.5816666666666667 0.0695067264573991 0.26333333333333336
0 0.8408071748878924 0.5750000000000001 0.07174887892376682 0.26333333333333336
0 0.8766816143497758 0.5833333333333334 0.06278026905829596 0.24000000000000002
0 0.9047085201793722 0.5883333333333334 0.06502242152466367 0.2366666666666667
0 0.9338565022421524 0.5800000000000001 0.06502242152466367 0.24000000000000002
0 0.9573991031390134 0.5733333333333334 0.06726457399103139 0.24666666666666667
0 0.9775784753363228 0.5666666666666667 0.04484304932735426 0.22
