0 0.075 0.5978915662650602 0.078 0.2921686746987952
0 0.246 0.585843373493976 0.07200000000000001 0.2620481927710844
0 0.352 0.5813253012048193 0.06 0.22289156626506026
0 0.451 0.5828313253012049 0.058 0.21987951807228917
0 0.509 0.5828313253012049 0.054 0.1957831325301205
0 0.582 0.6039156626506025 0.056 0.20783132530120482
0 0.655 0.5783132530120483 0.066 0.2530120481927711
0 0.757 0.5843373493975904 0.054 0.19879518072289157
0 0.835 0.6054216867469879 0.066 0.24096385542168675
0 0.93 0.585843373493976 0.068 0.25
