0 0.31833333333333336 0.63625 0.10333333333333335 0.3875
0 0.5141666666666667 0.57875 0.07833333333333334 0.2925
0 0.5583333333333333 0.56 0.060000000000000005 0.225
0 0.5858333333333333 0.54625 0.03833333333333334 0.14250000000000002
0 0.6125 0.545 0.04166666666666667 0.15
0 0.6975 0.54 0.04166666666666667 0.16
0 0.7175 0.54 0.03833333333333334 0.14
0 0.7391666666666667 0.56125 0.03833333333333334 0.1475
0 0.765 0.55375 0.03666666666666667 0.14250000000000002
0 0.8041666666666667 0.545 0.04166666666666667 0.16
0 0.8216666666666668 0.56625 0.043333333333333335 0.1625
0 0.8458333333333334 0.545 0.04166666666666667 0.155
0 0.89 0.5700000000000001 0.04666666666666667 0.18
0 0.8625 0.5325 0.035 0.135
