0 0.05333333333333334 0.4552023121387283 0.09000000000000001 0.3786127167630058
0 0.17750000000000002 0.741329479768786 0.11166666666666668 0.4826589595375722
0 0.2525 0.5317919075144508 0.09833333333333334 0.4219653179190751
0 0.28 0.5072254335260116 0.08666666666666667 0.37283236994219654
0 0.3416666666666667 0.4783236994219653 0.09000000000000001 0.3901734104046243
0 0.6900000000000001 0.6734104046242774 0.11666666666666667 0.5028901734104047
0 0.6608333333333334 0.6156069364161849 0.09166666666666667 0.3988439306358381
0 0.6408333333333334 0.43641618497109824 0.095 0.40462427745664736
0 0.8091666666666667 0.7630057803468208 0.10500000000000001 0.44508670520231214
0 0.9141666666666667 0.5968208092485549 0.10500000000000001 0.44797687861271673
0 0.8608333333333333 0.5274566473988439 0.085 0.36705202312138724
0 0.9458333333333334 0.5361271676300577 0.08833333333333333 0.3786127167630058
0 0.1375 0.3005780346820809 0.03833333333333334 0.1676300578034682
0 0.17 0.2890173410404624 0.03333333333333333 0.1445086705202312
0 0.20083333333333334 0.26734104046242774 0.028333333333333335 0.12427745664739884
0 0.18416666666666667 0.28323699421965315 0.028333333333333335 0.12138728323699421
