0 0.25 0.6482035928143713 0.124 0.45808383233532934
0 0.315 0.6691616766467067 0.11800000000000001 0.42814371257485034
0 0.367 0.6347305389221557 0.11800000000000001 0.4311377245508982
0 0.40900000000000003 0.6497005988023953 0.106 0.38922155688622756
0 0.46 0.6497005988023953 0.1 0.37125748502994016
0 0.509 0.6526946107784432 0.106 0.39520958083832336
0 0.5660000000000001 0.6541916167664671 0.10400000000000001 0.3862275449101797
0 0.62 0.6497005988023953 0.12 0.44311377245508987
0 0.681 0.6811377245508983 0.106 0.3982035928143713
0 0.732 0.6766467065868264 0.112 0.407185628742515
0 0.802 0.688622754491018 0.10400000000000001 0.38922155688622756
