0 0.0782122905027933 0.5772811918063314 0.04748603351955307 0.1527001862197393
0 0.09497206703910614 0.5651769087523277 0.04189944134078213 0.14338919925512103
0 0.01606145251396648 0.5810055865921787 0.03212290502793296 0.148975791433892
0 0.2918994413407821 0.5595903165735568 0.0446927374301676 0.14711359404096835
0 0.30935754189944137 0.5567970204841713 0.04329608938547486 0.14152700186219738
0 0.36522346368715086 0.5512104283054003 0.040502793296089384 0.1303538175046555
0 0.3910614525139665 0.547486033519553 0.03910614525139665 0.1303538175046555
0 0.42108938547486036 0.5344506517690876 0.034916201117318434 0.1154562383612663
0 0.43854748603351956 0.5409683426443203 0.036312849162011177 0.12104283054003724
0 0.4937150837988827 0.5251396648044693 0.034916201117318434 0.1154562383612663
0 0.5537709497206704 0.5810055865921787 0.051675977653631286 0.1750465549348231
0 0.9085195530726258 0.5363128491620112 0.048882681564245814 0.1601489757914339
0 0.8547486033519553 0.4962756052141527 0.036312849162011177 0.12476722532588454
0 0.8240223463687151 0.5 0.036312849162011177 0.12104283054003724
0 0.8770949720670391 0.4972067039106145 0.0335195530726257 0.1154562383612663
0 0.9490223463687151 0.48696461824953446 0.029329608938547486 0.09497206703910614
0 0.526536312849162 0.537243947858473 0.036312849162011177 0.12104283054003724
0 0.23114525139664804 0.4739292364990689 0.03212290502793296 0.10614525139664804
0 0.26675977653631283 0.49068901303538176 0.036312849162011177 0.12104283054003724
0 0.1627094972067039 0.5661080074487895 0.040502793296089384 0.1303538175046555
0 0.17737430167597765 0.5651769087523277 0.03910614525139665 0.12849162011173185
