0 0.20875 0.5941619585687382 0.1325 0.487758945386064
0 0.293125 0.6045197740112994 0.12625 0.4708097928436911
0 0.376875 0.608286252354049 0.12375 0.4595103578154425
0 0.46 0.7146892655367232 0.10250000000000001 0.3822975517890772
0 0.55 0.7090395480225988 0.1 0.3709981167608286
0 0.63625 0.6826741996233522 0.11750000000000001 0.4387947269303201
0 0.7000000000000001 0.6459510357815442 0.14 0.5160075329566854
0 0.781875 0.6346516007532956 0.14125000000000001 0.5235404896421846
0 0.8175 0.5404896421845574 0.1125 0.4143126177024482
0 0.46375 0.591337099811676 0.1225 0.4519774011299435
0 0.543125 0.5875706214689266 0.12375 0.455743879472693
0 0.605 0.4952919020715631 0.1 0.3691148775894538
