0 0.13376623376623376 0.75626204238921 0.09350649350649351 0.3448940269749518
0 0.24155844155844156 0.6233140655105973 0.06753246753246753 0.24470134874759153
0 0.1616883116883117 0.638728323699422 0.06883116883116883 0.25626204238921
0 0.29675324675324677 0.6714836223506744 0.08441558441558442 0.31021194605009633
0 0.33376623376623377 0.6657032755298651 0.09350649350649351 0.3371868978805395
0 0.41363636363636364 0.6319845857418112 0.07402597402597402 0.2697495183044316
0 0.4675324675324675 0.6435452793834296 0.08571428571428572 0.3159922928709056
0 0.5097402597402597 0.6213872832369942 0.06363636363636363 0.23699421965317918
0 0.5811688311688312 0.638728323699422 0.07922077922077922 0.2909441233140655
0 0.6616883116883117 0.626204238921002 0.08961038961038961 0.3236994219653179
0 0.7467532467532467 0.6396917148362234 0.08831168831168831 0.3198458574181117
0 0.8538961038961039 0.6502890173410405 0.10519480519480519 0.3834296724470135
0 0.8045454545454546 0.5895953757225434 0.07402597402597402 0.27360308285163776
0 0.6272727272727273 0.5645472061657033 0.05454545454545454 0.20423892100192678
0 0.5454545454545454 0.5895953757225434 0.05194805194805195 0.1926782273603083
0 0.06753246753246753 0.651252408477842 0.09090909090909091 0.3352601156069364
