0 0.2827272727272727 0.24842767295597484 0.02727272727272727 0.11949685534591195
0 0.30272727272727273 0.2562893081761006 0.02727272727272727 0.12264150943396226
0 0.32 0.2688679245283019 0.025454545454545455 0.11635220125786164
0 0.3418181818181818 0.2751572327044025 0.02909090909090909 0.12264150943396226
0 0.36363636363636365 0.2783018867924528 0.02909090909090909 0.1289308176100629
0 0.39454545454545453 0.28773584905660377 0.02909090909090909 0.1289308176100629
0 0.4218181818181818 0.2940251572327044 0.02909090909090909 0.1289308176100629
0 0.44545454545454544 0.300314465408805 0.02909090909090909 0.1289308176100629
0 0.4763636363636364 0.30817610062893086 0.02909090909090909 0.1320754716981132
0 0.5045454545454545 0.3207547169811321 0.03090909090909091 0.1320754716981132
0 0.5336363636363637 0.3286163522012579 0.03090909090909091 0.13522012578616352
0 0.5572727272727273 0.3349056603773585 0.03090909090909091 0.1289308176100629
0 0.5754545454545454 0.34119496855345915 0.03090909090909091 0.13522012578616352
0 0.5945454545454546 0.3506289308176101 0.03272727272727273 0.13522012578616352
0 0.6190909090909091 0.35220125786163525 0.034545454545454546 0.14465408805031446
0 0.6409090909090909 0.36320754716981135 0.03090909090909091 0.13522012578616352
0 0.6709090909090909 0.37106918238993714 0.02909090909090909 0.1320754716981132
0 0.7018181818181818 0.38522012578616355 0.02909090909090909 0.1289308176100629
0 0.7245454545454545 0.3977987421383648 0.03090909090909091 0.14150943396226415
0 0.7463636363636363 0.3915094339622642 0.02727272727272727 0.12264150943396226
0 0.7490909090909091 0.4371069182389937 0.02909090909090909 0.12578616352201258
0 0.769090909090909 0.419811320754717 0.03272727272727273 0.13522012578616352
0 0.7836363636363637 0.4009433962264151 0.025454545454545455 0.11635220125786164
0 0.7072727272727273 0.44025157232704404 0.03272727272727273 0.13836477987421383
0 0.6727272727272727 0.45125786163522014 0.03272727272727273 0.14779874213836477
0 0.6427272727272727 0.45754716981132076 0.034545454545454546 0.14779874213836477
0 0.6045454545454545 0.4669811320754717 0.03090909090909091 0.14150943396226415
0 0.5845454545454546 0.47955974842767296 0.034545454545454546 0.15408805031446543
0 0.5572727272727273 0.4889937106918239 0.034545454545454546 0.15408805031446543
0 0.5309090909090909 0.5 0.03636363636363636 0.15723270440251574
0 0.5 0.5 0.03636363636363636 0.15094339622641512
0 0.47363636363636363 0.5110062893081762 0.038181818181818185 0.16666666666666669
0 0.44 0.5235849056603774 0.03636363636363636 0.15408805031446543
0 0.4172727272727273 0.5345911949685535 0.038181818181818185 0.169811320754717
0 0.3936363636363636 0.550314465408805 0.038181818181818185 0.169811320754717
0 0.36636363636363634 0.559748427672956 0.045454545454545456 0.1949685534591195
0 0.33181818181818185 0.5613207547169812 0.034545454545454546 0.15408805031446543
0 0.3018181818181818 0.5770440251572327 0.04 0.17924528301886794
0 0.2736363636363636 0.589622641509434 0.038181818181818185 0.16666666666666669
0 0.24545454545454545 0.5990566037735849 0.04 0.1729559748427673
0 0.45454545454545453 0.20911949685534592 0.025454545454545455 0.11006289308176101
0 0.47363636363636363 0.19968553459119498 0.023636363636363636 0.10377358490566038
0 0.4918181818181818 0.19654088050314467 0.02727272727272727 0.11635220125786164
0 0.51 0.19025157232704404 0.023636363636363636 0.11006289308176101
0 0.5290909090909091 0.18553459119496857 0.02181818181818182 0.10062893081761007
0 0.5536363636363636 0.17767295597484278 0.023636363636363636 0.11006289308176101
0 0.5827272727272728 0.17138364779874216 0.023636363636363636 0.10377358490566038
0 0.6145454545454545 0.16666666666666669 0.02181818181818182 0.09433962264150944
0 0.6363636363636364 0.16037735849056606 0.02181818181818182 0.09433962264150944
0 0.649090909090909 0.15723270440251574 0.025454545454545455 0.1069182389937107
0 0.6627272727272727 0.14937106918238993 0.02727272727272727 0.11635220125786164
0 0.6754545454545454 0.15723270440251574 0.02 0.09433962264150944
0 0.4781818181818182 0.11006289308176101 0.025454545454545455 0.11320754716981132
0 0.45636363636363636 0.1069182389937107 0.025454545454545455 0.11949685534591195
0 0.4381818181818182 0.10062893081761007 0.02181818181818182 0.09433962264150944
0 0.4209090909090909 0.09433962264150944 0.023636363636363636 0.1069182389937107
0 0.40636363636363637 0.09119496855345913 0.023636363636363636 0.1069182389937107
0 0.3927272727272727 0.08333333333333334 0.02181818181818182 0.09748427672955975
0 0.3718181818181818 0.08333333333333334 0.023636363636363636 0.10377358490566038
0 0.3527272727272727 0.08018867924528303 0.02181818181818182 0.09119496855345913
0 0.33636363636363636 0.06918238993710692 0.025454545454545455 0.1069182389937107
0 0.31545454545454543 0.06761006289308176 0.023636363636363636 0.09748427672955975
0 0.30363636363636365 0.06289308176100629 0.02181818181818182 0.10062893081761007
