0 0.20400000000000001 0.6973333333333334 0.14400000000000002 0.472
0 0.297 0.6053333333333333 0.074 0.24533333333333332
0 0.652 0.5479999999999999 0.044 0.14133333333333334
0 0.725 0.5666666666666667 0.046 0.152
0 0.986 0.5439999999999999 0.028 0.112
0 0.8160000000000001 0.5253333333333333 0.02 0.06933333333333333
0 0.837 0.532 0.014 0.050666666666666665
0 0.856 0.5306666666666666 0.016 0.05333333333333333
0 0.762 0.528 0.016 0.05333333333333333
0 0.749 0.5333333333333333 0.018000000000000002 0.058666666666666666
0 0.258 0.5519999999999999 0.048 0.15466666666666667
0 0.363 0.5133333333333333 0.026000000000000002 0.08266666666666667
0 0.553 0.49466666666666664 0.018000000000000002 0.056
0 0.579 0.488 0.018000000000000002 0.058666666666666666
0 0.911 0.52 0.014 0.048
