0 0.716 0.7522522522522522 0.1 0.36936936936936937
0 0.64 0.6621621621621622 0.08 0.2972972972972973
0 0.5730000000000001 0.6936936936936937 0.074 0.27627627627627627
0 0.511 0.6996996996996997 0.094 0.34234234234234234
0 0.421 0.6711711711711712 0.074 0.27927927927927926
0 0.328 0.7177177177177178 0.084 0.3123123123123123
0 0.378 0.6486486486486487 0.056 0.21621621621621623
0 0.673 0.6321321321321322 0.07 0.2552552552552553
0 0.877 0.6846846846846847 0.074 0.2822822822822823
0 0.9570000000000001 0.7252252252252253 0.08600000000000001 0.32732732732732733
0 0.74 0.6966966966966966 0.08 0.3003003003003003
0 0.215 0.6786786786786787 0.074 0.27627627627627627
0 0.342 0.5165165165165165 0.032 0.12012012012012012
0 0.362 0.515015015015015 0.032 0.11711711711711711
0 0.41400000000000003 0.5165165165165165 0.028 0.11411411411411411
0 0.449 0.6306306306306306 0.05 0.18618618618618618
0 0.195 0.7237237237237237 0.066 0.24624624624624625
