0 0.117 0.8095238095238095 0.078 0.3111111111111111
0 0.307 0.8174603174603174 0.078 0.30793650793650795
0 0.23800000000000002 0.6841269841269841 0.07200000000000001 0.28253968253968254
0 0.158 0.6174603174603175 0.07200000000000001 0.28253968253968254
0 0.066 0.5746031746031746 0.068 0.26031746031746034
0 0.05 0.5142857142857142 0.056 0.2222222222222222
0 0.035 0.4888888888888889 0.058 0.23492063492063492
0 0.343 0.7238095238095238 0.082 0.3238095238095238
0 0.457 0.7761904761904762 0.08600000000000001 0.3396825396825397
0 0.606 0.8238095238095238 0.08 0.3142857142857143
0 0.542 0.8095238095238095 0.07200000000000001 0.27936507936507937
0 0.753 0.12857142857142856 0.042 0.16825396825396827
0 0.803 0.2396825396825397 0.05 0.19365079365079366
0 0.713 0.11428571428571428 0.038 0.15873015873015872
