0 0.13083333333333333 0.71 0.14500000000000002 0.535
0 0.2816666666666667 0.71125 0.11 0.4025
0 0.35583333333333333 0.6587500000000001 0.08833333333333333 0.3275
0 0.5558333333333334 0.56875 0.05166666666666667 0.1925
0 0.5933333333333334 0.56125 0.04666666666666667 0.17250000000000001
0 0.6633333333333333 0.55625 0.05 0.1825
0 0.7208333333333333 0.5387500000000001 0.045000000000000005 0.1625
0 0.24083333333333334 0.55125 0.05166666666666667 0.1925
0 0.19666666666666668 0.52375 0.05 0.1925
0 0.030000000000000002 0.5925 0.05 0.19
