0 0.113 0.5392749244712991 0.226 0.9154078549848943
0 0.164 0.6087613293051359 0.156 0.5770392749244713
0 0.265 0.42900302114803623 0.11800000000000001 0.44108761329305135
0 0.214 0.4078549848942598 0.096 0.36253776435045315
0 0.304 0.3957703927492447 0.084 0.3202416918429003
0 0.35000000000000003 0.3731117824773414 0.08 0.2990936555891239
0 0.441 0.37462235649546827 0.062 0.23564954682779457
0 0.39 0.3867069486404834 0.068 0.2537764350453172
0 0.484 0.36706948640483383 0.07200000000000001 0.2628398791540785
0 0.551 0.3776435045317221 0.07 0.26586102719033233
0 0.592 0.37915407854984895 0.064 0.24471299093655588
0 0.655 0.38972809667673713 0.074 0.283987915407855
0 0.766 0.472809667673716 0.084 0.31722054380664655
0 0.81 0.5226586102719033 0.16 0.5921450151057401
0 0.895 0.5120845921450151 0.11800000000000001 0.43202416918429004
