0 0.13833333333333334 0.6325000000000001 0.10333333333333335 0.38
0 0.04833333333333334 0.635 0.09666666666666668 0.375
0 0.7341666666666667 0.70375 0.15833333333333335 0.5825
0 0.8600000000000001 0.65125 0.12333333333333334 0.4575
0 0.9225000000000001 0.68625 0.14833333333333334 0.5425
0 0.9525 0.62625 0.095 0.41250000000000003
0 0.8166666666666668 0.6325000000000001 0.11333333333333334 0.42
0 0.5616666666666666 0.6825 0.1366666666666667 0.505
0 0.39916666666666667 0.685 0.165 0.605
0 0.48000000000000004 0.6950000000000001 0.15666666666666668 0.5750000000000001
0 0.08083333333333334 0.6475 0.09833333333333334 0.365
0 0.20583333333333334 0.62875 0.09166666666666667 0.3425
0 0.1675 0.64375 0.09166666666666667 0.3375
0 0.3066666666666667 0.61625 0.09000000000000001 0.3375
0 0.6058333333333333 0.6062500000000001 0.08166666666666667 0.3025
0 0.6333333333333334 0.66 0.05333333333333334 0.2
0 0.6616666666666667 0.59375 0.07666666666666667 0.28750000000000003
