0 0.18203125 0.9176470588235294 0.0234375 0.09411764705882353
0 0.20468750000000002 0.9011764705882352 0.025 0.09411764705882353
0 0.240625 0.9152941176470587 0.025 0.09411764705882353
0 0.5046875000000001 0.9129411764705881 0.028125 0.10352941176470587
0 0.5437500000000001 0.9188235294117646 0.025 0.09647058823529411
0 0.625 0.9329411764705882 0.03125 0.11529411764705881
0 0.6507812500000001 0.94 0.026562500000000003 0.09647058823529411
0 0.671875 0.9352941176470587 0.03125 0.11529411764705881
0 0.8289062500000001 0.8929411764705881 0.0171875 0.06352941176470588
0 0.8453125 0.9011764705882352 0.018750000000000003 0.07529411764705882
0 0.925 0.9047058823529411 0.046875 0.1764705882352941
