0 0.134375 0.5152777777777778 0.19791666666666666 0.6527777777777778
0 0.22291666666666665 0.40972222222222227 0.14166666666666666 0.4638888888888889
0 0.546875 0.45555555555555555 0.15625 0.5111111111111112
0 0.8479166666666667 0.5041666666666667 0.18333333333333332 0.5972222222222222
0 0.03854166666666667 0.4527777777777778 0.07708333333333334 0.4777777777777778
0 0.3697916666666667 0.35694444444444445 0.052083333333333336 0.17500000000000002
0 0.41354166666666664 0.3527777777777778 0.06041666666666667 0.2
0 0.3104166666666667 0.3472222222222222 0.058333333333333334 0.18888888888888888
0 0.34270833333333334 0.3527777777777778 0.06041666666666667 0.19444444444444445
0 0.2895833333333333 0.35694444444444445 0.058333333333333334 0.19166666666666668
0 0.075 0.3388888888888889 0.058333333333333334 0.2
0 0.052083333333333336 0.32916666666666666 0.058333333333333334 0.19166666666666668
0 0.4427083333333333 0.3625 0.06041666666666667 0.20277777777777778
0 0.48333333333333334 0.3625 0.0625 0.20277777777777778
0 0.6197916666666666 0.38333333333333336 0.052083333333333336 0.17222222222222222
0 0.65625 0.3791666666666667 0.05416666666666667 0.18611111111111112
0 0.6927083333333334 0.38333333333333336 0.05625 0.18333333333333335
0 0.7385416666666667 0.38333333333333336 0.05625 0.18888888888888888
0 0.6427083333333333 0.23750000000000002 0.022916666666666665 0.08055555555555556
0 0.6583333333333333 0.24166666666666667 0.020833333333333332 0.07222222222222223
