0 0.8279279279279279 0.6557377049180327 0.08828828828828829 0.32786885245901637
0 0.46216216216216216 0.6898907103825137 0.08108108108108109 0.3087431693989071
0 0.390990990990991 0.6639344262295082 0.07927927927927927 0.3005464480874317
0 0.3036036036036036 0.6666666666666666 0.08108108108108109 0.3005464480874317
0 0.5468468468468468 0.6489071038251366 0.05945945945945946 0.22131147540983606
0 0.5027027027027027 0.6420765027322405 0.05405405405405406 0.20765027322404372
0 0.6027027027027028 0.6530054644808743 0.05945945945945946 0.22950819672131148
0 0.6594594594594595 0.6543715846994536 0.06486486486486487 0.24316939890710382
0 0.7063063063063063 0.6461748633879781 0.05765765765765766 0.21584699453551912
0 0.7396396396396396 0.6366120218579235 0.05945945945945946 0.2185792349726776
0 0.7639639639639639 0.6215846994535519 0.05045045045045045 0.19398907103825136
0 0.7900900900900901 0.6161202185792349 0.05225225225225225 0.19398907103825136
0 0.7252252252252253 0.3319672131147541 0.016216216216216217 0.06830601092896176
0 0.7324324324324324 0.337431693989071 0.016216216216216217 0.06284153005464481
