0 0.311 0.6444759206798867 0.17 0.5864022662889519
0 0.6910000000000001 0.6104815864022664 0.17400000000000002 0.6090651558073654
0 0.777 0.471671388101983 0.08600000000000001 0.3031161473087819
0 0.8150000000000001 0.45042492917847027 0.08600000000000001 0.3002832861189802
0 0.461 0.4971671388101983 0.098 0.34844192634560905
0 0.624 0.4886685552407932 0.1 0.34277620396600567
0 0.42 0.47733711048158645 0.08 0.28611898016997167
0 0.364 0.5368271954674221 0.096 0.3314447592067989
0 0.264 0.5396600566572238 0.108 0.37110481586402266
0 0.124 0.5325779036827196 0.116 0.40226628895184136
0 0.036000000000000004 0.5113314447592068 0.07200000000000001 0.42209631728045327
0 0.20800000000000002 0.4617563739376771 0.092 0.3229461756373938
0 0.163 0.42067988668555245 0.066 0.22946175637393768
0 0.058 0.45184135977337114 0.068 0.2351274787535411
0 0.489 0.39801699716713884 0.062 0.2181303116147309
0 0.612 0.28753541076487255 0.012 0.0481586402266289
