0 0.07625 0.5582706766917293 0.14250000000000002 0.5300751879699248
0 0.3625 0.6654135338345865 0.14 0.5263157894736842
0 0.41125 0.513157894736842 0.1375 0.5075187969924811
0 0.54625 0.6578947368421052 0.1675 0.6165413533834586
0 0.7275 0.7518796992481203 0.13 0.48120300751879697
0 0.70625 0.6447368421052632 0.14250000000000002 0.5300751879699248
0 0.96 0.763157894736842 0.08 0.45864661654135336
0 0.725 0.43045112781954886 0.13 0.4849624060150376
0 0.20375000000000001 0.23120300751879697 0.1075 0.4022556390977443
0 0.1475 0.21804511278195488 0.11 0.41353383458646614
0 0.665 0.33458646616541354 0.125 0.45864661654135336
