0 0.07125000000000001 0.5863039399624765 0.14250000000000002 0.8123827392120075
0 0.124375 0.3621013133208255 0.08375 0.3076923076923077
0 0.21125 0.3574108818011257 0.0825 0.3058161350844278
0 0.27375 0.4803001876172608 0.165 0.6078799249530957
0 0.36125 0.5712945590994372 0.195 0.7148217636022514
0 0.444375 0.5347091932457786 0.17875 0.6566604127579737
0 0.41375 0.3067542213883677 0.04 0.14821763602251406
0 0.505625 0.4878048780487805 0.14625 0.5403377110694184
0 0.655625 0.6097560975609756 0.20375000000000001 0.7504690431519699
0 0.78 0.47842401500938087 0.10250000000000001 0.37523452157598497
0 0.88125 0.47842401500938087 0.1125 0.41275797373358347
0 0.8475 0.39399624765478425 0.0725 0.26641651031894936
0 0.7518750000000001 0.3621013133208255 0.05375 0.2026266416510319
0 0.56625 0.39118198874296434 0.085 0.3170731707317073
