0 0.225 0.2902777777777778 0.08333333333333334 0.30833333333333335
0 0.29074074074074074 0.2986111111111111 0.08148148148148149 0.2972222222222222
0 0.14166666666666666 0.29583333333333334 0.08333333333333334 0.3027777777777778
0 0.18055555555555555 0.29305555555555557 0.08333333333333334 0.30833333333333335
0 0.3574074074074074 0.29444444444444445 0.08148148148148149 0.3055555555555556
0 0.4222222222222222 0.2888888888888889 0.08148148148148149 0.3
0 0.4740740740740741 0.2763888888888889 0.0925925925925926 0.33611111111111114
0 0.5407407407407407 0.44583333333333336 0.1851851851851852 0.6861111111111111
0 0.6768518518518519 0.4930555555555556 0.20555555555555557 0.7527777777777778
0 0.7666666666666667 0.4763888888888889 0.22592592592592595 0.8361111111111111
0 0.8962962962962964 0.4930555555555556 0.20740740740740743 0.9805555555555556
0 0.08148148148148149 0.28055555555555556 0.0925925925925926 0.34444444444444444
0 0.8916666666666667 0.29444444444444445 0.08703703703703704 0.32222222222222224
