0 0.85 0.3833780160857909 0.024999999999999998 0.096514745308311
0 0.81875 0.3793565683646113 0.023214285714285715 0.08310991957104558
0 0.7401785714285714 0.6152815013404825 0.05178571428571428 0.19571045576407506
0 0.7053571428571428 0.6193029490616622 0.049999999999999996 0.18230563002680966
0 0.6714285714285714 0.6032171581769437 0.05714285714285714 0.21447721179624665
0 0.6276785714285714 0.613941018766756 0.05178571428571428 0.193029490616622
0 0.5928571428571429 0.6206434316353887 0.05357142857142857 0.2064343163538874
0 0.5544642857142857 0.6193029490616622 0.055357142857142855 0.2037533512064343
0 0.5071428571428571 0.6152815013404825 0.05714285714285714 0.21715817694369974
0 0.5410714285714285 0.5080428954423593 0.03214285714285714 0.12064343163538874
0 0.5973214285714286 0.5053619302949062 0.030357142857142857 0.12064343163538874
0 0.6205357142857143 0.5134048257372654 0.030357142857142857 0.11528150134048258
0 0.6464285714285715 0.4812332439678284 0.02142857142857143 0.08310991957104558
0 0.7214285714285714 0.5509383378016086 0.039285714285714285 0.14745308310991959
0 0.6910714285714286 0.546916890080429 0.039285714285714285 0.1447721179624665
0 0.44553571428571426 0.6152815013404825 0.05892857142857143 0.21715817694369974
0 0.5223214285714286 0.5080428954423593 0.026785714285714284 0.10455764075067024
0 0.48928571428571427 0.5107238605898123 0.03214285714285714 0.11528150134048258
0 0.46517857142857144 0.5107238605898123 0.030357142857142857 0.12064343163538874
0 0.4464285714285714 0.5134048257372654 0.03214285714285714 0.12064343163538874
0 0.4151785714285714 0.5844504021447722 0.044642857142857144 0.16085790884718498
0 0.3705357142857143 0.6219839142091153 0.055357142857142855 0.20911528150134048
0 0.31875 0.6353887399463807 0.055357142857142855 0.20911528150134048
0 0.34732142857142856 0.5831099195710456 0.04107142857142857 0.1581769436997319
0 0.28125 0.6568364611260054 0.06607142857142857 0.24128686327077747
0 0.2625 0.613941018766756 0.04285714285714286 0.16621983914209115
0 0.2571428571428571 0.5630026809651475 0.039285714285714285 0.1447721179624665
0 0.2151785714285714 0.6166219839142091 0.044642857142857144 0.16085790884718498
0 0.18035714285714285 0.6085790884718498 0.04285714285714286 0.16621983914209115
0 0.19732142857142856 0.6005361930294906 0.04821428571428571 0.1769436997319035
0 0.23482142857142857 0.5777479892761395 0.04821428571428571 0.17962466487935658
0 0.38303571428571426 0.5549597855227882 0.0375 0.1447721179624665
0 0.4008928571428571 0.5978552278820376 0.05178571428571428 0.19839142091152814
