0 0.9516129032258065 0.35783521809369956 0.09247311827956989 0.3376413570274637
0 0.885483870967742 0.32794830371567046 0.08924731182795699 0.3263327948303716
0 0.8129032258064516 0.3045234248788369 0.08817204301075268 0.3247172859450727
0 0.7182795698924731 0.2770597738287561 0.07741935483870968 0.28917609046849757
0 0.6655913978494624 0.25848142164781907 0.07956989247311828 0.29725363489499196
0 0.7301075268817204 0.5791599353796446 0.11397849462365592 0.42164781906300486
0 0.5435483870967742 0.6946688206785138 0.110752688172043 0.41033925686591277
0 0.3903225806451613 0.7294022617124395 0.11612903225806452 0.42810985460420037
0 0.6059139784946237 0.4668820678513732 0.07634408602150537 0.284329563812601
0 0.49731182795698925 0.4693053311793215 0.0913978494623656 0.34087237479806143
0 0.3924731182795699 0.46042003231017775 0.08817204301075268 0.3263327948303716
0 0.2709677419354839 0.507269789983845 0.1010752688172043 0.37156704361873993
0 0.10215053763440861 0.5379644588045235 0.1032258064516129 0.38126009693053314
0 0.02795698924731183 0.475767366720517 0.05591397849462366 0.39256865912762523
0 0.04139784946236559 0.40710823909531507 0.08279569892473118 0.3360258481421648
0 0.06774193548387097 0.4176090468497577 0.0967741935483871 0.35379644588045234
0 0.15806451612903225 0.43214862681744753 0.10752688172043011 0.3990306946688207
0 0.1935483870967742 0.3982229402261713 0.09247311827956989 0.3441033925686591
0 0.2360215053763441 0.33198707592891763 0.08709677419354839 0.32148626817447495
0 0.2924731182795699 0.4038772213247173 0.1010752688172043 0.3747980613893377
0 0.3263440860215054 0.382875605815832 0.08924731182795699 0.32956381260096934
0 0.3779569892473118 0.382875605815832 0.1064516129032258 0.3941841680129241
0 0.4295698924731183 0.3651050080775444 0.08709677419354839 0.32310177705977383
