0 0.06434782608695652 0.601078167115903 0.12869565217391304 0.5121293800539084
0 0.10869565217391305 0.7075471698113208 0.13391304347826088 0.5094339622641509
0 0.15391304347826087 0.5970350404312669 0.13043478260869565 0.4986522911051213
0 0.20608695652173914 0.6940700808625337 0.1373913043478261 0.5256064690026955
0 0.24869565217391304 0.5876010781671159 0.1391304347826087 0.5336927223719676
0 0.2965217391304348 0.669811320754717 0.1408695652173913 0.5417789757412399
0 0.35043478260869565 0.5983827493261455 0.13391304347826088 0.5067385444743936
0 0.3982608695652174 0.6657681940700809 0.14608695652173914 0.555256064690027
0 0.44608695652173913 0.5970350404312669 0.13391304347826088 0.5148247978436657
0 0.4886956521739131 0.6738544474393532 0.1426086956521739 0.5390835579514826
0 0.5504347826086957 0.5795148247978437 0.1373913043478261 0.5283018867924528
0 0.5817391304347826 0.6805929919137467 0.1408695652173913 0.5309973045822103
0 0.64 0.5822102425876011 0.1356521739130435 0.5121293800539084
0 0.6895652173913044 0.6778975741239892 0.1408695652173913 0.5363881401617251
0 0.7365217391304348 0.5862533692722373 0.13391304347826088 0.5094339622641509
0 0.788695652173913 0.679245283018868 0.1408695652173913 0.5336927223719676
0 0.8347826086956522 0.5916442048517521 0.13217391304347825 0.5040431266846361
0 0.8956521739130435 0.6927223719676551 0.1391304347826087 0.5336927223719676
0 0.9339130434782609 0.5916442048517521 0.13217391304347825 0.5040431266846361
