0 0.08198198198198198 0.5373134328358209 0.04864864864864865 0.20298507462686569
0 0.12162162162162163 0.5238805970149254 0.04504504504504504 0.1880597014925373
0 0.2153153153153153 0.5134328358208955 0.03783783783783784 0.15522388059701492
0 0.3171171171171171 0.5104477611940299 0.036036036036036036 0.1492537313432836
0 0.42342342342342343 0.5238805970149254 0.043243243243243246 0.18208955223880596
0 0.40990990990990994 0.508955223880597 0.03783783783783784 0.16417910447761194
0 0.47927927927927927 0.5119402985074627 0.04684684684684685 0.1880597014925373
0 0.5171171171171172 0.5194029850746269 0.03963963963963964 0.16119402985074627
0 0.5369369369369369 0.5134328358208955 0.02882882882882883 0.11940298507462686
0 0.5873873873873874 0.508955223880597 0.03963963963963964 0.16417910447761194
0 0.645945945945946 0.49701492537313435 0.03423423423423423 0.14626865671641792
0 0.6783783783783784 0.508955223880597 0.03783783783783784 0.1582089552238806
0 0.7 0.5358208955223881 0.03783783783783784 0.15223880597014924
0 0.7558558558558559 0.5313432835820896 0.04864864864864865 0.20298507462686569
0 0.7972972972972973 0.5059701492537313 0.03783783783783784 0.16417910447761194
