0 0.17421875 0.4740990990990991 0.20468750000000002 0.7184684684684685
0 0.6078125000000001 0.5394144144144144 0.19687500000000002 0.6959459459459459
0 0.84140625 0.24324324324324323 0.0703125 0.25225225225225223
0 0.46171875 0.19481981981981983 0.0578125 0.20945945945945946
0 0.49609375 0.19256756756756757 0.060937500000000006 0.21846846846846846
0 0.52578125 0.18806306306306306 0.051562500000000004 0.18693693693693694
0 0.5632812500000001 0.19031531531531531 0.0578125 0.20945945945945946
0 0.040625 0.19707207207207206 0.046875 0.16891891891891891
0 0.85859375 0.0731981981981982 0.035937500000000004 0.12837837837837837
0 0.9875 0.0731981981981982 0.025 0.12387387387387387
0 0.017968750000000002 0.10022522522522523 0.035937500000000004 0.1463963963963964
0 0.13671875 0.10135135135135136 0.035937500000000004 0.12612612612612611
0 0.3609375 0.09572072072072071 0.037500000000000006 0.1373873873873874
0 0.6335937500000001 0.09684684684684684 0.0390625 0.14414414414414414
0 0.66953125 0.09121621621621621 0.035937500000000004 0.12837837837837837
0 0.7390625000000001 0.08783783783783784 0.040625 0.14414414414414414
0 0.765625 0.08671171171171171 0.037500000000000006 0.13288288288288289
0 0.81015625 0.08108108108108109 0.0390625 0.13963963963963963
