0 0.1895341416719847 0.7750501002004008 0.07913209955328654 0.30561122244488975
0 0.24154435226547544 0.8041082164328657 0.07594128908742821 0.2915831663326653
0 0.2878111040204212 0.7745490981963927 0.05615826419910658 0.21843687374749496
0 0.2772814294830887 0.7590180360721442 0.05679642629227824 0.21743486973947895
0 0.33088704530950863 0.7505010020040079 0.05041480536056159 0.19238476953907813
0 0.41384811742182515 0.7505010020040079 0.04658583280153159 0.18036072144288576
0 0.4514996809189534 0.752004008016032 0.03637523931078494 0.1412825651302605
0 0.5108487555839184 0.7409819639278556 0.031269942565411615 0.12324649298597193
0 0.5411614550095725 0.7339679358717435 0.037013401403956606 0.1412825651302605
0 0.5934907466496491 0.7289579158316633 0.030631780472239953 0.11923847695390781
0 0.6139119336311424 0.7379759519038076 0.037013401403956606 0.14529058116232463
0 0.3580089342693044 0.7565130260521041 0.04594767070835993 0.17635270541082163
0 0.4792597319719209 0.7054108216432865 0.021697511167836633 0.08617234468937875
0 0.5252074026802809 0.7039078156312625 0.017868538608806637 0.06913827655310621
0 0.5676451818761966 0.7029058116232464 0.019783024888321635 0.07915831663326653
0 0.580089342693044 0.7014028056112224 0.017868538608806637 0.06813627254509018
0 0.6968730057434589 0.7189378757515029 0.025526483726866625 0.09919839679358716
0 0.7645181876196554 0.8371743486973947 0.07147415443522655 0.2775551102204409
0 0.8739629865985961 0.8572144288577154 0.06955966815571156 0.2695390781563126
0 0.8305679642629228 0.8351703406813626 0.07849393746011488 0.3016032064128256
0 0.7179323548181239 0.7324649298597193 0.030631780472239953 0.11823647294589178
0 0.7476068921506063 0.7164328657314629 0.02616464582003829 0.1002004008016032
