0 0.40601503759398494 0.7018867924528301 0.14035087719298245 0.5132075471698113
0 0.46867167919799496 0.7283018867924529 0.14035087719298245 0.5132075471698113
0 0.5401002506265664 0.7358490566037736 0.12781954887218044 0.4679245283018868
0 0.5914786967418546 0.6811320754716981 0.11027568922305764 0.41132075471698115
0 0.6491228070175439 0.6415094339622641 0.07518796992481203 0.28679245283018867
0 0.6152882205513784 0.6528301886792452 0.08270676691729323 0.30943396226415093
0 0.6917293233082706 0.6320754716981132 0.07518796992481203 0.29056603773584905
0 0.899749373433584 0.7094339622641509 0.14536340852130325 0.5358490566037736
0 0.8596491228070176 0.7301886792452831 0.13533834586466165 0.5018867924528302
0 0.8283208020050125 0.6716981132075471 0.08771929824561403 0.3320754716981132
0 0.7593984962406015 0.5433962264150943 0.020050125313283207 0.07547169811320754
0 0.9611528822055138 0.7113207547169811 0.07769423558897243 0.42641509433962266
