0 0.19125 0.5764499121265377 0.11 0.3760984182776801
0 0.44375000000000003 0.5579964850615113 0.105 0.36379613356766255
0 0.6125 0.5114235500878734 0.0825 0.28471001757469244
0 0.700625 0.5448154657293497 0.09375 0.3268892794376098
0 0.759375 0.6221441124780316 0.16125 0.5553602811950791
0 0.913125 0.5386643233743409 0.08875 0.3040421792618629
0 0.8175 0.49209138840070293 0.0825 0.28471001757469244
0 0.54875 0.49209138840070293 0.0675 0.23550087873462214
0 0.50875 0.4780316344463972 0.065 0.22144112478031633
0 0.40375 0.5175746924428822 0.085 0.29701230228471
0 0.35000000000000003 0.500878734622144 0.07 0.24604569420035147
0 0.149375 0.5386643233743409 0.08375 0.2899824253075571
0 0.03875 0.37697715289982425 0.05 0.17398945518453426
0 0.88 0.4086115992970123 0.0425 0.14938488576449913
0 0.9400000000000001 0.4059753954305799 0.0375 0.13356766256590508
0 0.980625 0.41476274165202104 0.03625 0.1265377855887522
0 0.6425 0.1274165202108963 0.035 0.12478031634446396
0 0.34750000000000003 0.15377855887521968 0.035 0.12126537785588752
0 0.964375 0.27152899824253074 0.03125 0.10720562390158171
0 0.31 0.46309314586994726 0.0525 0.18453427065026362
0 0.2775 0.4578207381370826 0.05 0.17398945518453426
0 0.18375 0.36291739894551844 0.055 0.19507908611599295
