0 0.16083333333333336 0.455 0.03166666666666667 0.12
0 0.1125 0.4475 0.028333333333333335 0.105
0 0.03666666666666667 0.45 0.02666666666666667 0.105
0 0.3825 0.4925 0.04833333333333334 0.185
0 0.4266666666666667 0.5075000000000001 0.06333333333333334 0.24
0 0.4733333333333334 0.455 0.030000000000000002 0.11
0 0.6233333333333334 0.515 0.03333333333333333 0.12
0 0.6608333333333334 0.5437500000000001 0.03833333333333334 0.14250000000000002
0 0.7533333333333334 0.51625 0.043333333333333335 0.1575
0 0.9325000000000001 0.49875 0.05166666666666667 0.1975
0 0.89 0.46 0.02666666666666667 0.105
0 0.7975000000000001 0.49375 0.028333333333333335 0.1125
0 0.6016666666666667 0.46625 0.030000000000000002 0.1125
