0 0.9433333333333334 0.23333333333333334 0.11333333333333334 0.18000000000000002
0 0.02666666666666667 0.14750000000000002 0.05333333333333334 0.08166666666666667
0 0.09833333333333334 0.5825 0.13 0.16166666666666668
0 0.26166666666666666 0.5866666666666667 0.12333333333333334 0.15333333333333335
0 0.4766666666666667 0.5741666666666667 0.14666666666666667 0.17833333333333334
0 0.6066666666666667 0.5791666666666667 0.13333333333333333 0.16166666666666668
0 0.7133333333333334 0.5833333333333334 0.12666666666666668 0.15666666666666668
0 0.7683333333333334 0.5533333333333333 0.09000000000000001 0.11
0 0.8350000000000001 0.5391666666666667 0.05666666666666667 0.07500000000000001
0 0.8983333333333334 0.5458333333333334 0.05666666666666667 0.07166666666666667
0 0.805 0.5333333333333333 0.043333333333333335 0.05333333333333334
