0 0.505 0.5437500000000001 0.15 0.4625
0 0.046 0.52125 0.092 0.3075
0 0.10300000000000001 0.51875 0.10200000000000001 0.3175
0 0.153 0.5125 0.106 0.325
0 0.209 0.50125 0.098 0.3025
0 0.264 0.5075000000000001 0.096 0.295
0 0.338 0.48625 0.092 0.28250000000000003
0 0.383 0.485 0.094 0.295
0 0.421 0.47750000000000004 0.098 0.305
0 0.462 0.4825 0.092 0.28
0 0.584 0.48 0.08 0.25
0 0.623 0.47500000000000003 0.078 0.245
0 0.668 0.49 0.076 0.23
0 0.718 0.48625 0.076 0.2325
0 0.779 0.4825 0.07 0.22
0 0.809 0.47500000000000003 0.074 0.225
0 0.842 0.47500000000000003 0.07200000000000001 0.225
