0 0.115 0.49324324324324326 0.1366666666666667 0.5432432432432432
0 0.1375 0.5675675675675675 0.11833333333333335 0.4702702702702703
0 0.17 0.5040540540540541 0.11333333333333334 0.44594594594594594
0 0.21416666666666667 0.5418918918918919 0.10166666666666667 0.40810810810810816
0 0.28583333333333333 0.5459459459459459 0.10833333333333334 0.43783783783783786
0 0.35500000000000004 0.5621621621621622 0.10666666666666667 0.42702702702702705
0 0.3825 0.5364864864864866 0.10500000000000001 0.4243243243243243
0 0.42583333333333334 0.5837837837837838 0.10166666666666667 0.40540540540540543
0 0.5041666666666667 0.5743243243243243 0.10166666666666667 0.40810810810810816
0 0.5891666666666667 0.5851351351351352 0.11166666666666668 0.44594594594594594
0 0.6625000000000001 0.5878378378378378 0.11166666666666668 0.44594594594594594
0 0.7641666666666667 0.5810810810810811 0.10833333333333334 0.43783783783783786
0 0.8341666666666667 0.5864864864864865 0.11166666666666668 0.4486486486486487
