0 0.04666666666666667 0.5472222222222223 0.09333333333333334 0.46111111111111114
0 0.135 0.5361111111111111 0.11666666666666667 0.49444444444444446
0 0.08666666666666667 0.5083333333333333 0.10666666666666667 0.4388888888888889
0 0.23 0.5444444444444445 0.12666666666666668 0.5333333333333333
0 0.2733333333333334 0.525 0.10666666666666667 0.4388888888888889
0 0.19666666666666668 0.5222222222222223 0.10666666666666667 0.4444444444444445
0 0.33333333333333337 0.5361111111111111 0.12666666666666668 0.5277777777777778
0 0.3866666666666667 0.5638888888888889 0.13333333333333333 0.55
0 0.46 0.5416666666666667 0.11333333333333334 0.46111111111111114
0 0.535 0.6055555555555556 0.16333333333333333 0.6666666666666667
0 0.6483333333333334 0.5861111111111111 0.15666666666666668 0.638888888888889
0 0.7866666666666667 0.5861111111111111 0.16666666666666669 0.6833333333333333
0 0.92 0.5972222222222222 0.14666666666666667 0.6055555555555556
0 0.8233333333333334 0.5527777777777778 0.13333333333333333 0.55
