0 0.06411764705882353 0.6141666666666667 0.04352941176470588 0.155
0 0.12235294117647058 0.5725 0.03529411764705882 0.125
0 0.17352941176470588 0.5375000000000001 0.03176470588235294 0.10833333333333334
0 0.21470588235294116 0.5016666666666667 0.02941176470588235 0.10333333333333335
0 0.2505882352941176 0.4783333333333334 0.023529411764705882 0.08
0 0.2929411764705882 0.5850000000000001 0.03764705882352941 0.13
0 0.3564705882352941 0.5008333333333334 0.025882352941176467 0.095
0 0.4129411764705882 0.6416666666666667 0.042352941176470586 0.14666666666666667
0 0.4694117647058823 0.5833333333333334 0.03764705882352941 0.13
0 0.42823529411764705 0.5325000000000001 0.030588235294117645 0.11166666666666668
0 0.47764705882352937 0.5025000000000001 0.028235294117647056 0.10166666666666667
0 0.5841176470588235 0.5833333333333334 0.03411764705882352 0.12333333333333334
0 0.658235294117647 0.6433333333333334 0.0388235294117647 0.1366666666666667
0 0.6258823529411764 0.5333333333333333 0.030588235294117645 0.10666666666666667
0 0.5952941176470588 0.5041666666666667 0.025882352941176467 0.095
0 0.7335294117647058 0.5941666666666667 0.036470588235294116 0.12833333333333335
0 0.7158823529411764 0.5108333333333334 0.024705882352941175 0.09166666666666667
0 0.698235294117647 0.49333333333333335 0.022352941176470586 0.08
0 0.8470588235294116 0.5075000000000001 0.030588235294117645 0.10500000000000001
0 0.8999999999999999 0.5541666666666667 0.030588235294117645 0.11166666666666668
0 0.9705882352941175 0.6175 0.03529411764705882 0.12833333333333335
0 0.7617647058823529 0.4216666666666667 0.019999999999999997 0.07
0 0.7929411764705881 0.42250000000000004 0.018823529411764704 0.06833333333333334
0 0.8205882352941176 0.4216666666666667 0.019999999999999997 0.07
0 0.8288235294117646 0.42333333333333334 0.019999999999999997 0.07333333333333333
0 0.8447058823529411 0.43250000000000005 0.018823529411764704 0.06833333333333334
0 0.6558823529411764 0.41750000000000004 0.01764705882352941 0.065
0 0.5952941176470588 0.41583333333333333 0.021176470588235293 0.07500000000000001
0 0.5741176470588235 0.39666666666666667 0.023529411764705882 0.08
0 0.5429411764705881 0.4133333333333334 0.01764705882352941 0.06666666666666667
0 0.5252941176470588 0.4116666666666667 0.019999999999999997 0.07
0 0.5129411764705882 0.41500000000000004 0.016470588235294115 0.060000000000000005
0 0.29 0.4083333333333334 0.022352941176470586 0.07666666666666667
0 0.3005882352941176 0.4108333333333334 0.01764705882352941 0.065
0 0.31 0.4058333333333334 0.019999999999999997 0.06833333333333334
0 0.318235294117647 0.4033333333333334 0.01764705882352941 0.060000000000000005
0 0.3429411764705882 0.405 0.022352941176470586 0.07666666666666667
0 0.3552941176470588 0.4033333333333334 0.023529411764705882 0.08
0 0.38352941176470584 0.3891666666666667 0.018823529411764704 0.06833333333333334
0 0.40058823529411763 0.4083333333333334 0.01764705882352941 0.06666666666666667
0 0.23588235294117646 0.4091666666666667 0.01764705882352941 0.065
0 0.22294117647058823 0.41750000000000004 0.019999999999999997 0.07166666666666667
0 0.18588235294117644 0.41000000000000003 0.023529411764705882 0.08
0 0.1288235294117647 0.4083333333333334 0.022352941176470586 0.08
0 0.10823529411764705 0.4116666666666667 0.021176470588235293 0.07333333333333333
0 0.6752941176470587 0.40750000000000003 0.018823529411764704 0.065
0 0.6870588235294117 0.4083333333333334 0.018823529411764704 0.06666666666666667
0 0.698235294117647 0.4058333333333334 0.01764705882352941 0.065
