0 0.5283582089552239 0.6713147410358565 0.19402985074626866 0.6374501992031872
0 0.9373134328358209 0.5169322709163346 0.1253731343283582 0.5199203187250996
0 0.8552238805970149 0.5517928286852589 0.13134328358208955 0.4342629482071713
0 0.7149253731343284 0.5278884462151394 0.1253731343283582 0.4143426294820717
0 0.6447761194029851 0.5229083665338645 0.12835820895522387 0.4163346613545817
0 0.5686567164179105 0.5159362549800797 0.1253731343283582 0.41035856573705176
0 0.40597014925373137 0.5089641434262948 0.12238805970149254 0.40039840637450197
0 0.3276119402985075 0.5139442231075697 0.12388059701492538 0.40239043824701193
0 0.20223880597014926 0.4900398406374502 0.1208955223880597 0.398406374501992
0 0.2708955223880597 0.5049800796812749 0.1208955223880597 0.39243027888446214
0 0.13059701492537312 0.49701195219123506 0.10597014925373134 0.3446215139442231
0 0.08582089552238806 0.49203187250996017 0.08805970149253732 0.28685258964143423
0 0.06567164179104477 0.48406374501992033 0.07761194029850746 0.2549800796812749
0 0.04477611940298507 0.4820717131474104 0.08059701492537313 0.26294820717131473
0 0.02537313432835821 0.4551792828685259 0.05074626865671642 0.3047808764940239
