0 0.47545454545454546 0.779126213592233 0.11818181818181818 0.3932038834951456
0 0.5545454545454546 0.7851941747572815 0.11636363636363636 0.3859223300970873
0 0.64 0.7900485436893203 0.12363636363636364 0.40048543689320387
0 0.7254545454545455 0.7730582524271844 0.12727272727272726 0.4199029126213592
0 0.9072727272727272 0.7645631067961164 0.13090909090909092 0.4320388349514563
0 0.8090909090909091 0.7682038834951456 0.12727272727272726 0.41504854368932037
0 0.41363636363636364 0.7754854368932038 0.11454545454545455 0.37621359223300965
0 0.3290909090909091 0.7560679611650485 0.11272727272727273 0.37621359223300965
0 0.24727272727272728 0.7682038834951456 0.12363636363636364 0.4053398058252427
0 0.16454545454545455 0.774271844660194 0.12181818181818181 0.39805825242718446
0 0.06454545454545454 0.7584951456310679 0.12545454545454546 0.41019417475728154
0 0.9663636363636363 0.703883495145631 0.06727272727272728 0.3252427184466019
