0 0.9518867924528301 0.8926553672316384 0.0509433962264151 0.192090395480226
0 0.8358490566037736 0.9194915254237288 0.03773584905660377 0.1440677966101695
0 0.6886792452830188 0.7175141242937854 0.033962264150943396 0.12429378531073446
0 0.8292452830188679 0.7415254237288136 0.03207547169811321 0.1271186440677966
0 0.8745283018867924 0.7344632768361582 0.035849056603773584 0.12994350282485875
0 0.9188679245283019 0.7288135593220338 0.033962264150943396 0.12994350282485875
0 0.960377358490566 0.7175141242937854 0.03018867924528302 0.11299435028248588
0 0.8018867924528302 0.713276836158192 0.033962264150943396 0.12146892655367232
0 0.7603773584905661 0.7189265536723164 0.033962264150943396 0.1327683615819209
0 0.2783018867924528 0.5903954802259886 0.020754716981132074 0.0847457627118644
0 0.22358490566037736 0.5833333333333334 0.020754716981132074 0.08192090395480225
0 0.06886792452830189 0.5677966101694916 0.024528301886792454 0.0903954802259887
0 0.2349056603773585 0.5847457627118644 0.020754716981132074 0.0847457627118644
0 0.6566037735849056 0.6850282485875706 0.026415094339622643 0.10451977401129943
0 0.6037735849056604 0.6638418079096046 0.026415094339622643 0.096045197740113
0 0.5509433962264151 0.6567796610169492 0.022641509433962266 0.09322033898305085
