0 0.6636792452830189 0.516 0.13679245283018868 0.4746666666666666
0 0.8202830188679245 0.522 0.12924528301886792 0.4493333333333333
0 0.7707547169811321 0.51 0.10377358490566038 0.36133333333333334
0 0.5518867924528302 0.5193333333333333 0.12452830188679245 0.4333333333333333
0 0.4235849056603774 0.5293333333333333 0.11886792452830189 0.4106666666666667
0 0.38018867924528305 0.5293333333333333 0.11320754716981132 0.39199999999999996
0 0.3287735849056604 0.538 0.1009433962264151 0.3506666666666667
0 0.29952830188679247 0.49066666666666664 0.08584905660377358 0.29866666666666664
0 0.47830188679245284 0.5393333333333333 0.08113207547169811 0.284
0 0.5183962264150943 0.5439999999999999 0.10471698113207548 0.36266666666666664
0 0.6358490566037736 0.5086666666666666 0.1 0.3453333333333333
0 0.2778301886792453 0.476 0.059433962264150944 0.20533333333333334
