0 0.0862603305785124 0.41550925925925924 0.04855371900826447 0.17978395061728394
0 0.053460743801652895 0.38773148148148145 0.040805785123966945 0.14891975308641975
0 0.03512396694214876 0.39120370370370366 0.038223140495867766 0.14043209876543208
0 0.022210743801652895 0.3923611111111111 0.0371900826446281 0.1381172839506173
0 0.014204545454545456 0.38850308641975306 0.02840909090909091 0.13657407407407407
0 0.4227789256198347 0.472608024691358 0.07696280991735538 0.28009259259259256
0 0.5263429752066116 0.46141975308641975 0.08367768595041322 0.3055555555555555
0 0.4950929752066116 0.4618055555555555 0.08109504132231406 0.2970679012345679
0 0.48243801652892565 0.46257716049382713 0.07954545454545454 0.29243827160493824
0 0.44963842975206614 0.4070216049382716 0.04390495867768595 0.16280864197530864
0 0.31043388429752067 0.3931327160493827 0.042355371900826444 0.1566358024691358
0 0.5699896694214877 0.4810956790123457 0.08212809917355372 0.2986111111111111
0 0.6071797520661157 0.503858024691358 0.11208677685950413 0.4089506172839506
0 0.6960227272727273 0.5154320987654321 0.12035123966942149 0.43827160493827155
0 0.6425619834710744 0.48495370370370366 0.08677685950413223 0.3171296296296296
0 0.7773760330578513 0.48302469135802467 0.10950413223140495 0.39969135802469136
0 0.8375516528925621 0.5289351851851851 0.13274793388429754 0.4837962962962963
0 0.8809400826446281 0.5011574074074073 0.11725206611570248 0.4297839506172839
0 0.9517045454545455 0.46489197530864196 0.09659090909090909 0.4020061728395061
0 0.9163223140495868 0.4618055555555555 0.08987603305785125 0.3294753086419753
0 0.7422520661157025 0.3360339506172839 0.02066115702479339 0.07638888888888888
