0 0.04525547445255474 0.46467991169977924 0.08467153284671532 0.3200883002207506
0 0.12043795620437955 0.47130242825607066 0.07737226277372262 0.2891832229580574
0 0.20583941605839415 0.4602649006622517 0.07883211678832117 0.2980132450331126
0 0.4043795620437956 0.5044150110375276 0.12554744525547445 0.4613686534216336
0 0.3576642335766423 0.4955849889624724 0.12554744525547445 0.47019867549668876
0 0.7394160583941606 0.4944812362030905 0.1416058394160584 0.5209713024282561
0 0.9255474452554744 0.5286975717439294 0.14890510948905109 0.5894039735099338
0 0.9700729927007299 0.423841059602649 0.059854014598540145 0.30022075055187636
0 0.8386861313868612 0.39514348785871967 0.05693430656934306 0.2163355408388521
0 0.7861313868613138 0.39293598233995586 0.059854014598540145 0.2251655629139073
0 0.15401459854014599 0.46467991169977924 0.07445255474452554 0.27593818984547464
