0 0.0166015625 0.4137426900584795 0.033203125 0.21637426900584794
0 0.02734375 0.408625730994152 0.0546875 0.20614035087719296
0 0.10546875 0.40716374269005845 0.05078125 0.18859649122807015
0 0.0908203125 0.5804093567251462 0.0859375 0.3187134502923976
0 0.5712890625 0.5080409356725146 0.08203125 0.3026315789473684
0 0.8203125 0.581140350877193 0.09765625 0.35818713450292394
0 0.134765625 0.39035087719298245 0.046875 0.17251461988304093
0 0.1533203125 0.3991228070175438 0.052734375 0.19298245614035087
0 0.16796875 0.41154970760233917 0.04296875 0.1593567251461988
0 0.18408203125 0.3925438596491228 0.0458984375 0.17105263157894735
0 0.20361328125 0.39035087719298245 0.0439453125 0.16374269005847952
0 0.2216796875 0.3954678362573099 0.041015625 0.15350877192982454
0 0.24658203125 0.3837719298245614 0.0478515625 0.17982456140350878
0 0.26806640625 0.3961988304093567 0.0419921875 0.15789473684210525
0 0.2919921875 0.39035087719298245 0.041015625 0.15204678362573099
0 0.30810546875 0.3779239766081871 0.0419921875 0.1564327485380117
0 0.3330078125 0.39400584795321636 0.0390625 0.14473684210526316
0 0.3623046875 0.38596491228070173 0.037109375 0.13742690058479531
0 0.39599609375 0.3713450292397661 0.0419921875 0.15204678362573099
0 0.455078125 0.37646198830409355 0.037109375 0.13596491228070173
0 0.51318359375 0.37280701754385964 0.0419921875 0.15789473684210525
0 0.65966796875 0.36330409356725146 0.0419921875 0.1564327485380117
0 0.59375 0.36184210526315785 0.0390625 0.14473684210526316
0 0.7001953125 0.375 0.0390625 0.14473684210526316
0 0.76025390625 0.36257309941520466 0.0400390625 0.14619883040935672
0 0.880859375 0.3559941520467836 0.041015625 0.15350877192982454
0 0.92041015625 0.35818713450292394 0.0361328125 0.13742690058479531
0 0.9501953125 0.35453216374269003 0.0390625 0.141812865497076
0 0.85302734375 0.3523391812865497 0.0361328125 0.13742690058479531
0 0.830078125 0.3603801169590643 0.03515625 0.12719298245614036
0 0.79443359375 0.3559941520467836 0.0361328125 0.13304093567251463
0 0.77880859375 0.36257309941520466 0.0400390625 0.14619883040935672
0 0.7216796875 0.3669590643274854 0.0390625 0.14327485380116958
0 0.73291015625 0.3698830409356725 0.0380859375 0.14327485380116958
0 0.98095703125 0.34137426900584794 0.0380859375 0.14473684210526316
0 0.38232421875 0.5190058479532164 0.0595703125 0.21929824561403508
