0 0.3904166666666667 0.7428214731585518 0.07250000000000001 0.2671660424469413
0 0.6491666666666667 0.7634207240948814 0.021666666666666667 0.08114856429463171
0 0.6866666666666668 0.768414481897628 0.02 0.07365792759051186
0 0.7041666666666667 0.764669163545568 0.025 0.09113607990012484
0 0.7154166666666667 0.752808988764045 0.025833333333333337 0.09737827715355805
0 0.7412500000000001 0.7621722846441947 0.04083333333333333 0.14856429463171036
0 0.7758333333333334 0.766541822721598 0.02 0.0749063670411985
0 0.9383333333333334 0.8945068664169787 0.03333333333333333 0.12359550561797752
0 0.9758333333333334 0.7578027465667915 0.030000000000000002 0.10986267166042447
0 0.91625 0.7709113607990012 0.020833333333333336 0.07865168539325842
0 0.9433333333333334 0.7596754057428214 0.025 0.09113607990012484
0 0.9500000000000001 0.7615480649188514 0.02666666666666667 0.09737827715355805
0 0.9608333333333334 0.7590511860174781 0.02666666666666667 0.09737827715355805
