0 0.16066666666666665 0.24818840579710144 0.028 0.09420289855072464
0 0.21 0.21195652173913043 0.05466666666666666 0.1847826086956522
0 0.2573333333333333 0.13949275362318841 0.04 0.13768115942028986
0 0.3853333333333333 0.213768115942029 0.05333333333333333 0.18115942028985507
0 0.436 0.1956521739130435 0.056 0.19202898550724637
0 0.492 0.21105072463768115 0.048 0.15760869565217392
0 0.6813333333333333 0.3451086956521739 0.050666666666666665 0.16847826086956522
0 0.716 0.3541666666666667 0.048 0.16485507246376813
0 0.7806666666666666 0.3568840579710145 0.03866666666666667 0.13405797101449277
0 0.8206666666666667 0.3242753623188406 0.06266666666666666 0.20652173913043478
0 0.9199999999999999 0.3686594202898551 0.034666666666666665 0.1213768115942029
0 0.9646666666666667 0.3342391304347826 0.06 0.19746376811594202
0 0.9099999999999999 0.31521739130434784 0.06533333333333333 0.2210144927536232
0 0.7633333333333333 0.3115942028985507 0.06799999999999999 0.2282608695652174
