0 0.0484375 0.6302083333333333 0.096875 0.5
0 0.10625000000000001 0.6848958333333333 0.125 0.5260416666666666
0 0.2421875 0.6119791666666666 0.12187500000000001 0.5052083333333333
0 0.178125 0.5859375 0.125 0.515625
0 0.39375000000000004 0.65625 0.13125 0.53125
0 0.6468750000000001 0.6484375 0.125 0.5052083333333333
0 0.5281250000000001 0.6588541666666666 0.125 0.5052083333333333
0 0.45937500000000003 0.6328125 0.11875000000000001 0.484375
0 0.5906250000000001 0.6223958333333333 0.125 0.5052083333333333
0 0.7406250000000001 0.59375 0.1125 0.46875
0 0.9593750000000001 0.7473958333333333 0.08125 0.328125
0 0.9203125000000001 0.625 0.134375 0.5416666666666666
0 0.8109375000000001 0.53125 0.115625 0.4895833333333333
0 0.8921875 0.5208333333333333 0.134375 0.5520833333333333
0 0.29531250000000003 0.65625 0.134375 0.5625
