0 0.11263157894736842 0.5775 0.11789473684210526 0.455
0 0.09 0.55 0.11052631578947368 0.4266666666666667
0 0.20473684210526316 0.5508333333333334 0.10421052631578948 0.405
0 0.5368421052631579 0.6091666666666667 0.11368421052631579 0.4416666666666667
0 0.6252631578947369 0.5925 0.12210526315789473 0.4716666666666667
0 0.7036842105263158 0.5966666666666667 0.11473684210526315 0.44333333333333336
0 0.6694736842105263 0.5875 0.11578947368421053 0.44833333333333336
0 0.7310526315789474 0.5858333333333333 0.10631578947368421 0.41500000000000004
0 0.8036842105263158 0.5900000000000001 0.10631578947368421 0.4133333333333334
0 0.8536842105263158 0.5833333333333334 0.11368421052631579 0.44
0 0.9173684210526316 0.5808333333333334 0.10421052631578948 0.4083333333333334
0 0.8742105263157894 0.6075 0.10631578947368421 0.4116666666666667
0 0.9478947368421052 0.5733333333333334 0.10421052631578948 0.4766666666666667
0 0.34421052631578947 0.5650000000000001 0.10736842105263157 0.4166666666666667
