0 0.034 0.6381381381381381 0.068 0.2972972972972973
0 0.058 0.6216216216216216 0.076 0.2882882882882883
0 0.108 0.6231231231231231 0.088 0.3213213213213213
0 0.177 0.6171171171171171 0.09 0.3333333333333333
0 0.246 0.6321321321321322 0.08 0.2912912912912913
0 0.217 0.5945945945945946 0.078 0.29429429429429427
0 0.296 0.6111111111111112 0.08 0.2972972972972973
0 0.352 0.6096096096096096 0.084 0.3123123123123123
0 0.391 0.6081081081081081 0.078 0.2852852852852853
0 0.431 0.6126126126126126 0.074 0.27627627627627627
0 0.47500000000000003 0.596096096096096 0.078 0.2912912912912913
0 0.5 0.6126126126126126 0.07200000000000001 0.2702702702702703
0 0.5640000000000001 0.6111111111111112 0.068 0.24924924924924924
0 0.626 0.6231231231231231 0.068 0.24924924924924924
0 0.7020000000000001 0.6171171171171171 0.084 0.3153153153153153
0 0.737 0.6156156156156156 0.078 0.2882882882882883
0 0.767 0.6291291291291291 0.082 0.30930930930930933
0 0.8310000000000001 0.6381381381381381 0.08600000000000001 0.3213213213213213
0 0.886 0.6501501501501501 0.08 0.3033033033033033
0 0.9590000000000001 0.6396396396396397 0.082 0.35435435435435436
