0 0.055625 0.8958724202626641 0.05625 0.20825515947467166
0 0.11125 0.8977485928705441 0.0525 0.19324577861163228
0 0.206875 0.8799249530956847 0.06375 0.2401500938086304
0 0.260625 0.875234521575985 0.06125 0.23076923076923078
0 0.316875 0.8780487804878049 0.058750000000000004 0.21388367729831145
0 0.365 0.8818011257035647 0.0625 0.22889305816135083
0 0.4525 0.9052532833020638 0.045 0.16322701688555347
0 0.53 0.9015009380863039 0.05 0.18198874296435272
0 0.625625 0.874296435272045 0.06375 0.2326454033771107
0 0.670625 0.8818011257035647 0.06125 0.225140712945591
0 0.73375 0.8818011257035647 0.065 0.23639774859287055
0 0.77 0.8893058161350844 0.055 0.2026266416510319
0 0.80875 0.8789868667917449 0.0575 0.21200750469043153
0 0.28875 0.34803001876172607 0.045 0.17073170731707318
0 0.3825 0.32082551594746717 0.0325 0.12382739212007504
