0 0.23846153846153847 0.7621247113163973 0.09846153846153846 0.3602771362586605
0 0.38384615384615384 0.7401847575057736 0.09384615384615384 0.348729792147806
0 0.29923076923076924 0.7020785219399538 0.07846153846153846 0.2909930715935335
0 0.49230769230769234 0.6859122401847575 0.08307692307692308 0.30484988452655887
0 0.5861538461538461 0.6697459584295612 0.07384615384615384 0.27251732101616627
0 0.67 0.6362586605080831 0.06307692307692307 0.23325635103926096
0 0.7415384615384616 0.6154734411085451 0.055384615384615386 0.21016166281755197
0 0.7915384615384615 0.5958429561200924 0.05384615384615385 0.19861431870669746
0 0.8453846153846154 0.5739030023094688 0.04461538461538461 0.16859122401847576
0 0.1753846153846154 0.707852193995381 0.08307692307692308 0.3117782909930716
0 0.13538461538461538 0.6697459584295612 0.06769230769230769 0.25404157043879905
0 0.11076923076923077 0.6443418013856813 0.06461538461538462 0.24480369515011546
0 0.09153846153846154 0.6166281755196305 0.05692307692307692 0.20785219399538105
0 0.05692307692307692 0.5727482678983834 0.04 0.15242494226327943
0 0.3523076923076923 0.6431870669745958 0.06153846153846154 0.22863741339491916
0 0.40923076923076923 0.6697459584295612 0.07076923076923076 0.2586605080831409
0 0.4369230769230769 0.6189376443418014 0.05846153846153846 0.21247113163972287
0 0.6392307692307693 0.5739030023094688 0.04461538461538461 0.16859122401847576
0 0.71 0.5877598152424942 0.05076923076923077 0.18706697459584296
0 0.7669230769230769 0.5750577367205543 0.04461538461538461 0.16628175519630484
0 0.7746153846153846 0.5034642032332564 0.03230769230769231 0.12471131639722864
