0 0.028951486697965573 0.6515679442508711 0.057902973395931145 0.3623693379790941
0 0.09937402190923318 0.6010452961672473 0.054773082942097026 0.31010452961672474
0 0.1431924882629108 0.5975609756097561 0.054773082942097026 0.31010452961672474
0 0.20970266040688576 0.6846689895470384 0.07198748043818466 0.39372822299651566
0 0.26917057902973396 0.6916376306620209 0.07198748043818466 0.40069686411149824
0 0.3114241001564945 0.6515679442508711 0.07511737089201878 0.41114982578397213
0 0.3732394366197183 0.6986062717770035 0.07668231611893583 0.4146341463414634
0 0.4757433489827856 0.6777003484320557 0.06885758998435054 0.37282229965156793
0 0.5101721439749609 0.6393728222996515 0.06572769953051644 0.36585365853658536
0 0.5743348982785602 0.6445993031358885 0.06885758998435054 0.3832752613240418
0 0.619718309859155 0.6533101045296167 0.06885758998435054 0.37282229965156793
0 0.6956181533646323 0.6846689895470384 0.07981220657276995 0.4355400696864111
0 0.8004694835680751 0.7212543554006968 0.07668231611893583 0.4250871080139373
0 0.7488262910798122 0.6515679442508711 0.06729264475743349 0.37630662020905925
0 0.9194053208137716 0.7195121951219512 0.08294209702660407 0.4564459930313589
0 0.9671361502347418 0.7421602787456446 0.06572769953051644 0.4250871080139373
0 0.8528951486697965 0.6585365853658537 0.056338028169014086 0.313588850174216
0 0.5336463223787168 0.5766550522648084 0.050078247261345854 0.28222996515679444
0 0.42644757433489827 0.632404181184669 0.057902973395931145 0.3170731707317073
