0 0.5057971014492754 0.38104448742746616 0.17101449275362318 0.5570599613152805
0 0.7376811594202899 0.2553191489361702 0.06376811594202898 0.2127659574468085
0 0.3463768115942029 0.22340425531914893 0.06956521739130435 0.2263056092843327
0 0.9695652173913044 0.16344294003868473 0.06086956521739131 0.2379110251450677
0 0.936231884057971 0.13152804642166344 0.08115942028985507 0.26305609284332687
0 0.7130434782608696 0.16054158607350097 0.06666666666666667 0.2205029013539652
0 0.65 0.15570599613152805 0.06231884057971015 0.20696324951644102
0 0.6072463768115942 0.14893617021276595 0.06956521739130435 0.23210831721470018
0 0.572463768115942 0.13346228239845262 0.06666666666666667 0.21663442940038685
0 0.5507246376811594 0.11315280464216634 0.04927536231884058 0.1644100580270793
0 0.20507246376811594 0.16054158607350097 0.04782608695652174 0.1586073500967118
0 0.24202898550724639 0.12572533849129594 0.06666666666666667 0.2205029013539652
0 0.40942028985507245 0.14893617021276595 0.06231884057971015 0.20889748549323017
0 0.36884057971014494 0.16827852998065765 0.04782608695652174 0.16247582205029013
0 0.46304347826086956 0.13829787234042554 0.06811594202898551 0.22243713733075435
0 0.09782608695652174 0.22340425531914893 0.05652173913043478 0.18375241779497098
0 0.30434782608695654 0.17117988394584138 0.04057971014492753 0.13733075435203096
