0 0.1326923076923077 0.5549132947976878 0.10384615384615385 0.3815028901734104
0 0.20384615384615384 0.5491329479768786 0.09615384615384616 0.3583815028901734
0 0.25673076923076926 0.546242774566474 0.0826923076923077 0.31213872832369943
0 0.30673076923076925 0.5375722543352601 0.0826923076923077 0.30635838150289013
0 0.3605769230769231 0.5375722543352601 0.0826923076923077 0.30635838150289013
0 0.4153846153846154 0.5317919075144508 0.08076923076923077 0.3005780346820809
0 0.46923076923076923 0.5375722543352601 0.08076923076923077 0.3005780346820809
0 0.5221153846153846 0.5447976878612717 0.0826923076923077 0.30346820809248554
0 0.5894230769230769 0.5390173410404624 0.08653846153846154 0.3208092485549133
0 0.639423076923077 0.5303468208092486 0.08653846153846154 0.315028901734104
0 0.8932692307692308 0.6387283236994219 0.06346153846153846 0.23121387283236994
0 0.8769230769230769 0.5606936416184971 0.1 0.37572254335260113
0 0.8048076923076923 0.5809248554913294 0.09423076923076923 0.35260115606936415
