0 0.20636363636363636 0.6038251366120219 0.12181818181818181 0.453551912568306
0 0.48363636363636364 0.45901639344262296 0.06545454545454546 0.2459016393442623
0 0.6118181818181818 0.5437158469945356 0.06 0.22950819672131148
0 0.6963636363636364 0.5450819672131147 0.06545454545454546 0.24316939890710382
0 0.8536363636363636 0.575136612021858 0.07818181818181819 0.2923497267759563
0 0.7663636363636364 0.5327868852459017 0.04909090909090909 0.18579234972677597
0 0.7327272727272727 0.546448087431694 0.05454545454545454 0.20765027322404372
0 0.7872727272727272 0.5245901639344263 0.04363636363636364 0.16939890710382513
0 0.31272727272727274 0.5341530054644809 0.05818181818181818 0.21584699453551912
0 0.27090909090909093 0.523224043715847 0.04 0.15027322404371585
0 0.09181818181818181 0.5382513661202186 0.04909090909090909 0.18032786885245902
0 0.015454545454545455 0.5450819672131147 0.03090909090909091 0.16120218579234974
0 0.35454545454545455 0.5136612021857924 0.02909090909090909 0.11475409836065574
0 0.37636363636363634 0.5122950819672131 0.03636363636363636 0.13387978142076504
0 0.5518181818181818 0.5355191256830601 0.04909090909090909 0.18579234972677597
0 0.09090909090909091 0.18579234972677597 0.02181818181818182 0.08743169398907104
0 0.5272727272727272 0.3333333333333333 0.01818181818181818 0.06557377049180328
0 0.6554545454545454 0.5396174863387978 0.056363636363636366 0.20491803278688525
