0 0.51 0.33465608465608465 0.06666666666666667 0.2671957671957672
0 0.4608333333333334 0.3187830687830688 0.06166666666666667 0.24074074074074073
0 0.4166666666666667 0.32407407407407407 0.06666666666666667 0.2671957671957672
0 0.3566666666666667 0.34523809523809523 0.060000000000000005 0.24074074074074073
0 0.30250000000000005 0.34259259259259256 0.06833333333333334 0.27248677248677244
0 0.22916666666666669 0.3492063492063492 0.07833333333333334 0.30158730158730157
0 0.1575 0.3558201058201058 0.09166666666666667 0.3571428571428571
0 0.07583333333333334 0.34259259259259256 0.10166666666666667 0.3994708994708994
0 0.75 0.36507936507936506 0.07666666666666667 0.2962962962962963
0 0.8541666666666667 0.42857142857142855 0.06833333333333334 0.2698412698412698
0 0.9075000000000001 0.44179894179894175 0.07166666666666667 0.2804232804232804
0 0.8125 0.3743386243386243 0.08166666666666667 0.32539682539682535
0 0.6816666666666668 0.34259259259259256 0.07 0.2777777777777778
0 0.6416666666666667 0.328042328042328 0.07333333333333333 0.2857142857142857
0 0.5900000000000001 0.32275132275132273 0.060000000000000005 0.2328042328042328
