0 0.191 0.4459016393442623 0.05 0.20327868852459016
0 0.267 0.4360655737704918 0.05 0.19672131147540983
0 0.309 0.44754098360655736 0.05 0.20655737704918034
0 0.34400000000000003 0.4426229508196721 0.048 0.19672131147540983
0 0.373 0.4377049180327869 0.058 0.23278688524590163
0 0.41400000000000003 0.4344262295081967 0.044 0.18688524590163935
0 0.042 0.3262295081967213 0.02 0.08852459016393442
0 0.065 0.32131147540983607 0.018000000000000002 0.07868852459016393
0 0.14400000000000002 0.32131147540983607 0.024 0.09836065573770492
0 0.251 0.29180327868852457 0.018000000000000002 0.07213114754098361
0 0.281 0.28524590163934427 0.022 0.08524590163934426
0 0.8240000000000001 0.4311475409836066 0.048 0.2
