0 0.0625 0.7240963855421687 0.125 0.5421686746987953
0 0.165 0.7060240963855422 0.1366666666666667 0.48192771084337355
0 0.31833333333333336 0.6891566265060242 0.12333333333333334 0.44337349397590364
0 0.39583333333333337 0.6337349397590362 0.10166666666666667 0.3614457831325302
0 0.49000000000000005 0.646987951807229 0.09666666666666668 0.3493975903614458
0 0.5508333333333334 0.7024096385542169 0.11166666666666668 0.4024096385542169
0 0.6533333333333333 0.6518072289156627 0.09000000000000001 0.32530120481927716
0 0.785 0.6542168674698796 0.10666666666666667 0.383132530120482
0 0.9241666666666667 0.7096385542168675 0.15166666666666667 0.5518072289156627
0 0.8641666666666667 0.7072289156626507 0.12166666666666667 0.43614457831325304
0 0.7491666666666668 0.6542168674698796 0.09833333333333334 0.35421686746987957
0 0.7058333333333334 0.6204819277108434 0.08166666666666667 0.29156626506024097
0 0.8733333333333334 0.33614457831325306 0.023333333333333334 0.0891566265060241
