0 0.5962500000000001 0.7650375939849624 0.1225 0.4548872180451128
0 0.67625 0.7142857142857142 0.1075 0.39097744360902253
0 0.38 0.75 0.125 0.4699248120300752
0 0.21375 0.7349624060150376 0.1225 0.4548872180451128
0 0.35000000000000003 0.6898496240601504 0.1 0.3721804511278195
0 0.15 0.7048872180451128 0.11 0.4022556390977443
0 0.065 0.650375939849624 0.095 0.3609022556390977
0 0.0425 0.7161654135338346 0.085 0.4849624060150376
0 0.8 0.6353383458646616 0.095 0.3533834586466165
0 0.27125 0.5507518796992481 0.0675 0.24436090225563908
0 0.3325 0.5075187969924811 0.055 0.21052631578947367
0 0.4325 0.5169172932330827 0.045 0.17669172932330826
0 0.55375 0.5018796992481203 0.0525 0.19172932330827067
0 0.63875 0.5037593984962405 0.0475 0.17293233082706766
0 0.61 0.5902255639097744 0.065 0.24060150375939848
0 0.105 0.48120300751879697 0.05 0.18796992481203006
0 0.043750000000000004 0.47368421052631576 0.0475 0.17293233082706766
