0 0.43250000000000005 0.7887500000000001 0.10833333333333334 0.4025
0 0.3716666666666667 0.75 0.11 0.405
0 0.3066666666666667 0.6875 0.10666666666666667 0.395
0 0.26 0.64875 0.1 0.3725
0 0.7958333333333334 0.7987500000000001 0.10166666666666667 0.3775
0 0.6758333333333334 0.7625000000000001 0.10833333333333334 0.405
0 0.6033333333333334 0.7000000000000001 0.1 0.37
0 0.5491666666666667 0.65625 0.10166666666666667 0.3725
0 0.8741666666666668 0.7075 0.10500000000000001 0.39
0 0.9475 0.6225 0.09166666666666667 0.34
0 0.7058333333333334 0.61625 0.09166666666666667 0.3375
0 0.7758333333333334 0.65625 0.095 0.34750000000000003
0 0.22916666666666669 0.615 0.08833333333333333 0.33
0 0.18333333333333335 0.5525 0.08 0.3
0 0.155 0.8025 0.1 0.365
0 0.095 0.7875 0.11333333333333334 0.41500000000000004
0 0.0575 0.74125 0.115 0.4225
0 0.03416666666666667 0.6900000000000001 0.06833333333333334 0.385
0 0.5183333333333333 0.81125 0.09666666666666668 0.3625
