0 0.06833333333333334 0.636604774535809 0.06666666666666667 0.259946949602122
0 0.1575 0.6180371352785146 0.05166666666666667 0.2015915119363395
0 0.2016666666666667 0.6047745358090185 0.05 0.1962864721485411
0 0.24333333333333335 0.5968169761273209 0.04 0.16445623342175064
0 0.37000000000000005 0.6286472148541113 0.06666666666666667 0.2652519893899204
0 0.5850000000000001 0.6538461538461539 0.08333333333333334 0.3262599469496021
0 0.8533333333333334 0.6551724137931034 0.07666666666666667 0.30238726790450926
0 0.8275 0.6379310344827586 0.065 0.2519893899204244
0 0.7808333333333334 0.616710875331565 0.055 0.22015915119363394
0 0.7533333333333334 0.5941644562334217 0.043333333333333335 0.17506631299734748
0 0.7383333333333334 0.5901856763925729 0.04 0.15649867374005305
0 0.4108333333333334 0.6007957559681697 0.04833333333333334 0.1883289124668435
0 0.42333333333333334 0.5888594164456233 0.04 0.16445623342175064
0 0.3816666666666667 0.603448275862069 0.05666666666666667 0.22015915119363394
0 0.5591666666666667 0.6087533156498673 0.05166666666666667 0.20954907161803712
0 0.9208333333333334 0.53315649867374 0.018333333333333333 0.06896551724137931
0 0.4566666666666667 0.5557029177718833 0.016666666666666666 0.0716180371352785
0 0.11166666666666668 0.5663129973474801 0.02 0.07692307692307691
0 0.0825 0.5583554376657824 0.021666666666666667 0.08753315649867374
