0 0.085625 0.5861423220973783 0.06375 0.23220973782771537
0 0.161875 0.5468164794007491 0.05625 0.20599250936329588
0 0.235625 0.5159176029962547 0.04875 0.18164794007490637
0 0.2925 0.4859550561797753 0.0475 0.17415730337078653
0 0.345625 0.46441947565543074 0.04625 0.17228464419475656
0 0.3875 0.44569288389513106 0.04 0.149812734082397
0 0.421875 0.4250936329588015 0.03625 0.13857677902621723
0 0.46125 0.40168539325842695 0.0375 0.1404494382022472
0 0.495 0.38764044943820225 0.035 0.1310861423220974
0 0.5175 0.3782771535580524 0.03 0.11610486891385768
0 0.5387500000000001 0.37359550561797755 0.03 0.11423220973782772
0 0.765625 0.26591760299625467 0.01875 0.06741573033707865
0 0.776875 0.26685393258426965 0.01625 0.0655430711610487
0 0.78625 0.2649812734082397 0.015 0.05805243445692884
0 0.800625 0.2631086142322097 0.01375 0.054307116104868915
0 0.8125 0.25936329588014984 0.0125 0.04681647940074907
0 0.82375 0.2621722846441948 0.0125 0.052434456928838954
0 0.833125 0.2602996254681648 0.01375 0.04868913857677903
0 0.84125 0.25936329588014984 0.015 0.054307116104868915
0 0.850625 0.2556179775280899 0.01375 0.05056179775280899
0 0.8625 0.25749063670411987 0.0125 0.04681647940074907
