0 0.122 0.6186186186186187 0.132 0.4924924924924925
0 0.273 0.6201201201201201 0.10200000000000001 0.3813813813813814
0 0.362 0.6696696696696697 0.088 0.3303303303303303
0 0.427 0.6591591591591591 0.114 0.4174174174174174
0 0.504 0.6456456456456456 0.124 0.45645645645645644
0 0.551 0.5585585585585585 0.094 0.35435435435435436
0 0.642 0.6531531531531531 0.124 0.46546546546546547
0 0.723 0.6531531531531531 0.126 0.47147147147147145
0 0.833 0.6711711711711712 0.114 0.4174174174174174
0 0.925 0.6786786786786787 0.114 0.4264264264264264
0 0.9550000000000001 0.6471471471471472 0.09 0.4294294294294294
0 0.08700000000000001 0.43543543543543545 0.014 0.06006006006006006
0 0.056 0.43543543543543545 0.02 0.07207207207207207
