0 0.6391666666666667 0.70875 0.10833333333333334 0.4025
0 0.5541666666666667 0.70125 0.10833333333333334 0.4025
0 0.47500000000000003 0.705 0.1 0.375
0 0.38833333333333336 0.6950000000000001 0.11 0.4
0 0.305 0.705 0.10333333333333335 0.38
0 0.2791666666666667 0.6625 0.10166666666666667 0.38
0 0.3516666666666667 0.67625 0.09666666666666668 0.3625
0 0.5966666666666667 0.67875 0.10333333333333335 0.3875
0 0.6716666666666667 0.67375 0.11 0.4025
0 0.9725 0.62875 0.03833333333333334 0.1475
0 0.8158333333333334 0.5875 0.021666666666666667 0.08
0 0.9 0.59375 0.02 0.0825
0 0.10750000000000001 0.5700000000000001 0.015000000000000001 0.055
0 0.13083333333333333 0.57625 0.018333333333333333 0.0675
0 0.14666666666666667 0.5700000000000001 0.013333333333333334 0.055
0 0.19416666666666668 0.5625 0.011666666666666667 0.045
