0 0.47325581395348837 0.7965517241379311 0.09534883720930232 0.35172413793103446
0 0.6476744186046511 0.7310344827586207 0.08139534883720931 0.296551724137931
0 0.7209302325581395 0.6844827586206896 0.06046511627906977 0.22413793103448276
0 0.8348837209302326 0.6344827586206896 0.05581395348837209 0.2
0 0.9244186046511628 0.6068965517241379 0.03953488372093023 0.15172413793103448
0 0.9476744186046512 0.5879310344827586 0.03488372093023256 0.13448275862068965
0 0.9825581395348837 0.5637931034482758 0.03488372093023256 0.12758620689655173
0 0.891860465116279 0.5327586206896552 0.02558139534883721 0.09310344827586206
0 0.805813953488372 0.5603448275862069 0.030232558139534883 0.12068965517241378
0 0.7883720930232558 0.5206896551724138 0.023255813953488372 0.09655172413793103
0 0.7581395348837209 0.5741379310344827 0.03255813953488372 0.12758620689655173
0 0.6941860465116279 0.596551724137931 0.044186046511627906 0.16551724137931034
0 0.5627906976744186 0.6293103448275862 0.05116279069767442 0.1896551724137931
0 0.2709302325581395 0.7017241379310345 0.07209302325581396 0.2655172413793103
0 0.3244186046511628 0.596551724137931 0.053488372093023255 0.19310344827586207
0 0.17325581395348838 0.6344827586206896 0.05813953488372093 0.21379310344827585
0 0.11744186046511627 0.5913793103448276 0.04883720930232558 0.18275862068965518
0 0.25 0.5844827586206897 0.04883720930232558 0.18275862068965518
0 0.3686046511627907 0.5603448275862069 0.03953488372093023 0.1413793103448276
0 0.34651162790697676 0.55 0.04186046511627907 0.1482758620689655
0 0.5093023255813953 0.5189655172413793 0.027906976744186046 0.11379310344827587
0 0.39767441860465114 0.5275862068965517 0.03255813953488372 0.13103448275862067
0 0.41511627906976745 0.5310344827586206 0.03488372093023256 0.12413793103448276
0 0.436046511627907 0.593103448275862 0.044186046511627906 0.16551724137931034
0 0.5895348837209302 0.5155172413793103 0.02558139534883721 0.1
0 0.608139534883721 0.5258620689655172 0.030232558139534883 0.10689655172413792
0 0.5302325581395348 0.5258620689655172 0.027906976744186046 0.11379310344827587
0 0.5406976744186046 0.5586206896551724 0.03488372093023256 0.13793103448275862
0 0.6406976744186046 0.5448275862068965 0.030232558139534883 0.1103448275862069
