0 0.373 0.6443148688046647 0.11 0.3965014577259475
0 0.486 0.6618075801749271 0.096 0.3498542274052478
0 0.597 0.6865889212827988 0.078 0.282798833819242
0 0.724 0.7040816326530612 0.07200000000000001 0.2536443148688047
0 0.278 0.705539358600583 0.07200000000000001 0.26239067055393583
0 0.186 0.6501457725947521 0.10400000000000001 0.37317784256559766
0 0.14100000000000001 0.6865889212827988 0.082 0.2944606413994169
0 0.069 0.5816326530612245 0.138 0.521865889212828
0 0.55 0.7317784256559766 0.056 0.19825072886297376
0 0.641 0.7274052478134111 0.058 0.20699708454810495
0 0.444 0.6924198250728862 0.08 0.2886297376093294
