0 0.052808988764044947 0.6129943502824858 0.08314606741573034 0.2655367231638418
0 0.029213483146067417 0.5875706214689266 0.058426966292134834 0.2824858757062147
0 0.12359550561797754 0.6016949152542372 0.0853932584269663 0.2655367231638418
0 0.39550561797752815 0.7245762711864406 0.1662921348314607 0.5112994350282486
0 0.5528089887640449 0.7019774011299434 0.14831460674157304 0.4548022598870056
0 0.6370786516853933 0.6596045197740112 0.10112359550561799 0.3135593220338983
0 0.8213483146067416 0.5861581920903954 0.11910112359550563 0.3644067796610169
0 0.7370786516853933 0.5 0.058426966292134834 0.1864406779661017
0 0.8471910112359551 0.4463276836158192 0.07640449438202247 0.23163841807909605
0 0.9157303370786518 0.4519774011299435 0.0651685393258427 0.2033898305084746
0 0.9752808988764046 0.501412429378531 0.04943820224719102 0.20056497175141244
0 0.6898876404494383 0.5084745762711864 0.06292134831460675 0.192090395480226
0 0.6764044943820225 0.6624293785310734 0.040449438202247195 0.12146892655367232
