0 0.6272727272727273 0.5798045602605864 0.03636363636363636 0.1693811074918567
0 0.6881818181818182 0.5716612377850163 0.034545454545454546 0.15960912052117265
0 0.7381818181818182 0.5667752442996743 0.03636363636363636 0.15635179153094464
0 0.769090909090909 0.5358306188925082 0.03272727272727273 0.1465798045602606
0 0.8663636363636363 0.5895765472312704 0.04181818181818182 0.18241042345276873
0 0.9536363636363636 0.503257328990228 0.03090909090909091 0.1465798045602606
0 0.8027272727272727 0.5325732899022801 0.03090909090909091 0.14006514657980457
0 0.5890909090909091 0.5798045602605864 0.03636363636363636 0.15635179153094464
0 0.56 0.5456026058631922 0.03272727272727273 0.14006514657980457
0 0.8372727272727273 0.8078175895765473 0.07090909090909091 0.3192182410423453
0 0.6681818181818182 0.8078175895765473 0.06363636363636363 0.28013029315960913
0 0.5836363636363636 0.8208469055374593 0.07636363636363637 0.3387622149837134
0 0.49454545454545457 0.5521172638436482 0.02909090909090909 0.1270358306188925
0 0.49454545454545457 0.4169381107491857 0.01818181818181818 0.09120521172638436
0 0.4572727272727273 0.5570032573289903 0.034545454545454546 0.16286644951140067
0 0.29818181818181816 0.5700325732899023 0.03636363636363636 0.16286644951140067
0 0.2190909090909091 0.5618892508143323 0.034545454545454546 0.15309446254071662
0 0.2772727272727273 0.5423452768729642 0.038181818181818185 0.16612377850162868
0 0.06181818181818182 0.5162866449511401 0.025454545454545455 0.1205211726384365
0 0.12090909090909091 0.5504885993485342 0.034545454545454546 0.16286644951140067
0 0.01818181818181818 0.50814332247557 0.025454545454545455 0.11074918566775245
0 0.03363636363636364 0.4592833876221499 0.023636363636363636 0.11074918566775245
0 0.09363636363636364 0.4641693811074919 0.03090909090909091 0.14006514657980457
0 0.8827272727272727 0.506514657980456 0.038181818181818185 0.1791530944625407
0 0.9536363636363636 0.40716612377850164 0.02 0.09120521172638436
0 0.9727272727272728 0.40390879478827363 0.01818181818181818 0.09120521172638436
0 0.7663636363636364 0.7736156351791531 0.06363636363636363 0.2899022801302932
0 0.7354545454545455 0.8061889250814332 0.07090909090909091 0.3159609120521173
