0 0.046 0.5825825825825826 0.092 0.6006006006006006
0 0.113 0.581081081081081 0.154 0.5615615615615616
0 0.213 0.5915915915915916 0.14200000000000002 0.5285285285285285
0 0.297 0.575075075075075 0.138 0.5135135135135135
0 0.368 0.5705705705705706 0.132 0.4804804804804805
0 0.435 0.5780780780780781 0.126 0.46546546546546547
0 0.513 0.5720720720720721 0.11800000000000001 0.4294294294294294
0 0.5740000000000001 0.5675675675675675 0.112 0.4084084084084084
0 0.633 0.5195195195195195 0.162 0.6006006006006006
0 0.721 0.56006006006006 0.106 0.3993993993993994
0 0.763 0.5540540540540541 0.106 0.3933933933933934
0 0.665 0.5615615615615616 0.11 0.4024024024024024
