0 0.157 0.5125570776255708 0.11 0.3082191780821918
0 0.459 0.49885844748858443 0.09 0.2534246575342466
0 0.668 0.54337899543379 0.116 0.3287671232876712
0 0.845 0.49429223744292233 0.08600000000000001 0.24429223744292236
0 0.895 0.46232876712328763 0.074 0.20776255707762556
0 0.025 0.4646118721461187 0.05 0.23972602739726026
0 0.084 0.4691780821917808 0.07200000000000001 0.20319634703196346
0 0.223 0.41324200913242004 0.074 0.2100456621004566
0 0.28800000000000003 0.4520547945205479 0.07200000000000001 0.2054794520547945
0 0.382 0.4474885844748858 0.068 0.1963470319634703
0 0.733 0.4178082191780822 0.074 0.2100456621004566
0 0.969 0.4235159817351598 0.062 0.17579908675799086
0 0.92 0.4189497716894977 0.064 0.18493150684931506
0 0.429 0.4143835616438356 0.074 0.21232876712328766
0 0.33 0.432648401826484 0.064 0.18036529680365296
0 0.363 0.4452054794520548 0.07 0.2009132420091324
