0 0.07 0.6510574018126888 0.084 0.31722054380664655
0 0.128 0.6601208459214502 0.088 0.32326283987915405
0 0.17200000000000001 0.6525679758308157 0.088 0.32628398791540786
0 0.219 0.6510574018126888 0.08600000000000001 0.31722054380664655
0 0.306 0.6510574018126888 0.088 0.32326283987915405
0 0.256 0.6450151057401813 0.084 0.31722054380664655
0 0.35000000000000003 0.6374622356495468 0.088 0.32628398791540786
0 0.398 0.6314199395770392 0.084 0.31419939577039274
0 0.442 0.6283987915407855 0.084 0.3202416918429003
0 0.498 0.6132930513595166 0.08 0.3021148036253776
0 0.546 0.5966767371601208 0.084 0.311178247734139
0 0.585 0.6072507552870091 0.082 0.3081570996978852
0 0.624 0.6042296072507553 0.08 0.29607250755287007
0 0.664 0.6132930513595166 0.084 0.3202416918429003
0 0.7020000000000001 0.622356495468278 0.084 0.3081570996978852
0 0.74 0.6027190332326284 0.08 0.2990936555891239
0 0.78 0.5996978851963746 0.08 0.2930513595166163
0 0.8280000000000001 0.6087613293051359 0.088 0.32326283987915405
0 0.882 0.6314199395770392 0.084 0.31419939577039274
