0 0.05859375 0.8505208333333333 0.032031250000000004 0.10520833333333333
0 0.103515625 0.8518229166666667 0.035937500000000004 0.11822916666666666
0 0.0494140625 0.8518229166666667 0.030859375 0.1015625
0 0.248828125 0.8309895833333333 0.0203125 0.0671875
0 0.3453125 0.8106770833333333 0.00625 0.021354166666666667
0 0.32460937500000003 0.8630208333333333 0.065625 0.21458333333333332
0 0.4609375 0.8557291666666667 0.057031250000000006 0.18541666666666667
0 0.4146484375 0.8169270833333333 0.018359375 0.059895833333333336
0 0.5591796875 0.8109375 0.016796875 0.05520833333333333
0 0.589453125 0.8065104166666667 0.02109375 0.0703125
0 0.6154296875 0.8041666666666667 0.022265625 0.07395833333333333
0 0.6078125000000001 0.8052083333333333 0.02109375 0.06875
0 0.6318359375 0.8041666666666667 0.019140625 0.06354166666666666
0 0.78125 0.8411458333333334 0.06640625 0.21770833333333334
0 0.8763671875000001 0.8260416666666667 0.048828125 0.16041666666666665
0 0.0240234375 0.8684895833333334 0.048046875 0.25885416666666666
