0 0.011666666666666667 0.5438596491228069 0.023333333333333334 0.09523809523809523
0 0.35083333333333333 0.6604010025062657 0.11166666666666668 0.41353383458646614
0 0.5491666666666667 0.6015037593984962 0.05166666666666667 0.19047619047619047
0 0.6533333333333333 0.6265664160401002 0.09666666666666668 0.3609022556390977
0 0.7483333333333334 0.6704260651629073 0.14333333333333334 0.5338345864661653
0 0.8491666666666667 0.5914786967418546 0.055 0.20551378446115287
0 0.6191666666666668 0.5 0.04166666666666667 0.15789473684210525
0 0.5858333333333333 0.5037593984962405 0.035 0.13032581453634084
0 0.7058333333333334 0.46240601503759393 0.045000000000000005 0.16290726817042606
0 0.7666666666666667 0.4649122807017544 0.03666666666666667 0.14285714285714285
0 0.9666666666666667 0.6040100250626566 0.05 0.18546365914786966
