0 0.5742857142857143 0.29750000000000004 0.12857142857142856 0.36500000000000005
0 0.6757142857142857 0.25833333333333336 0.10285714285714286 0.2966666666666667
0 0.795 0.25916666666666666 0.11 0.315
0 0.8707142857142857 0.25916666666666666 0.09571428571428571 0.2783333333333334
0 0.9671428571428572 0.25916666666666666 0.06571428571428571 0.24833333333333335
0 0.9171428571428571 0.24333333333333335 0.07142857142857142 0.2066666666666667
0 0.2057142857142857 0.8291666666666667 0.10285714285714286 0.29833333333333334
0 0.7135714285714285 0.24916666666666668 0.08428571428571428 0.24166666666666667
0 0.44142857142857145 0.8308333333333334 0.09428571428571429 0.27166666666666667
0 0.36714285714285716 0.8241666666666667 0.08285714285714285 0.23500000000000001
0 0.38571428571428573 0.8 0.06571428571428571 0.19333333333333336
0 0.12428571428571429 0.8366666666666667 0.1 0.2833333333333333
0 0.04071428571428572 0.8225 0.08142857142857143 0.3016666666666667
0 0.15071428571428572 0.8266666666666668 0.08142857142857143 0.2366666666666667
0 0.24785714285714286 0.8183333333333334 0.07857142857142857 0.23
0 0.27071428571428574 0.7858333333333334 0.07 0.20500000000000002
0 0.5407142857142857 0.25583333333333336 0.09571428571428571 0.27166666666666667
0 0.6342857142857142 0.23833333333333334 0.08571428571428572 0.24333333333333335
0 0.5907142857142857 0.8166666666666668 0.11571428571428571 0.33
0 0.6742857142857143 0.8183333333333334 0.11428571428571428 0.32666666666666666
0 0.7521428571428571 0.8058333333333334 0.11285714285714285 0.325
0 0.825 0.76 0.09571428571428571 0.27666666666666667
0 0.92 0.6983333333333334 0.05714285714285714 0.16666666666666669
0 0.8771428571428571 0.7325 0.07714285714285714 0.22166666666666668
0 0.31285714285714283 0.8350000000000001 0.09142857142857143 0.26333333333333336
