0 0.31 0.7571428571428571 0.068 0.2698412698412698
0 0.47000000000000003 0.7904761904761904 0.064 0.25396825396825395
0 0.433 0.7698412698412699 0.066 0.2634920634920635
0 0.562 0.7888888888888889 0.06 0.24444444444444444
0 0.365 0.765079365079365 0.058 0.23492063492063492
0 0.189 0.7619047619047619 0.054 0.20952380952380953
0 0.611 0.7841269841269841 0.062 0.24761904761904763
0 0.6890000000000001 0.7761904761904762 0.066 0.2634920634920635
0 0.743 0.7698412698412699 0.058 0.2253968253968254
0 0.8270000000000001 0.7619047619047619 0.054 0.20952380952380953
