0 0.033444816053511704 0.445578231292517 0.046822742474916385 0.17687074829931973
0 0.07079152731326645 0.4549319727891156 0.056856187290969896 0.21598639455782312
0 0.12374581939799331 0.4914965986394558 0.07357859531772575 0.2755102040816326
0 0.19453734671125975 0.5314625850340136 0.0903010033444816 0.33843537414965985
0 0.31828316610925306 0.43112244897959184 0.05016722408026756 0.1921768707482993
0 0.39241917502787066 0.44812925170068024 0.06243032329988851 0.23299319727891155
0 0.5139353400222966 0.4736394557823129 0.0713489409141583 0.2704081632653061
0 0.6365663322185061 0.39965986394557823 0.0379041248606466 0.14625850340136054
0 0.705685618729097 0.44132653061224486 0.057971014492753624 0.21598639455782312
0 0.745819397993311 0.4039115646258503 0.042363433667781496 0.16156462585034012
0 0.8483835005574136 0.41326530612244894 0.046822742474916385 0.17687074829931973
0 0.9515050167224081 0.4030612244897959 0.03678929765886287 0.14285714285714285
0 0.15997770345596432 0.43112244897959184 0.03678929765886287 0.1377551020408163
0 0.1454849498327759 0.429421768707483 0.04124860646599777 0.15476190476190477
0 0.37625418060200666 0.41326530612244894 0.032329988851727984 0.12244897959183673
0 0.41304347826086957 0.407312925170068 0.032329988851727984 0.12074829931972789
0 0.4503901895206243 0.40476190476190477 0.031215161649944256 0.11904761904761904
0 0.5746934225195095 0.39370748299319724 0.030100334448160536 0.11054421768707483
0 0.5607580824972129 0.3920068027210884 0.028985507246376812 0.10714285714285714
0 0.5462653288740246 0.39710884353741494 0.026755852842809364 0.10374149659863945
0 0.6020066889632107 0.39030612244897955 0.026755852842809364 0.10374149659863945
0 0.5852842809364548 0.39370748299319724 0.026755852842809364 0.10374149659863945
0 0.612597547380156 0.38605442176870747 0.030100334448160536 0.11224489795918367
0 0.6482720178372352 0.3826530612244898 0.027870680044593088 0.10204081632653061
0 0.6610925306577481 0.3886054421768707 0.024526198439241916 0.09353741496598639
