0 0.044375 0.6630434782608695 0.06625 0.22240802675585283
0 0.17375000000000002 0.6580267558528428 0.0625 0.20903010033444816
0 0.21937500000000001 0.6379598662207357 0.07625 0.2525083612040134
0 0.263125 0.6446488294314381 0.06625 0.2157190635451505
0 0.3175 0.657190635451505 0.0625 0.2040133779264214
0 0.35875 0.632943143812709 0.0675 0.225752508361204
0 0.588125 0.6463210702341137 0.07375 0.2391304347826087
0 0.661875 0.6212374581939799 0.06625 0.21906354515050167
0 0.7681250000000001 0.6638795986622074 0.06625 0.21739130434782608
0 0.80875 0.6204013377926422 0.065 0.21739130434782608
0 0.895625 0.6237458193979933 0.06125 0.2040133779264214
0 0.3975 0.4105351170568562 0.0225 0.07525083612040134
0 0.18375 0.4197324414715719 0.025 0.08361204013377926
0 0.15875 0.42391304347826086 0.0275 0.08862876254180602
0 0.55375 0.6337792642140468 0.0675 0.22408026755852842
0 0.73625 0.6279264214046822 0.0675 0.225752508361204
