0 0.9226666666666666 0.7771084337349397 0.10133333333333333 0.37349397590361444
0 0.754 0.7590361445783131 0.08133333333333333 0.2971887550200803
0 0.6859999999999999 0.7489959839357428 0.08399999999999999 0.3092369477911646
0 0.37866666666666665 0.7610441767068272 0.11733333333333333 0.4377510040160642
0 0.44266666666666665 0.7580321285140561 0.10133333333333333 0.37550200803212846
0 0.6333333333333333 0.7389558232931727 0.07466666666666666 0.2771084337349397
0 0.03333333333333333 0.6757028112449799 0.06666666666666667 0.3192771084337349
0 0.026666666666666665 0.6967871485943774 0.05333333333333333 0.2931726907630522
0 0.12733333333333333 0.6546184738955823 0.06 0.22088353413654616
0 0.16 0.6606425702811244 0.056 0.21285140562248994
0 0.19666666666666666 0.677710843373494 0.06799999999999999 0.2550200803212851
0 0.24466666666666667 0.6244979919678715 0.044 0.1646586345381526
0 0.2866666666666667 0.6837349397590361 0.058666666666666666 0.214859437751004
0 0.33066666666666666 0.6285140562248995 0.03733333333333333 0.14457831325301204
0 0.5393333333333333 0.7128514056224899 0.08666666666666667 0.321285140562249
0 0.61 0.715863453815261 0.076 0.2791164658634538
