0 0.12421052631578947 0.6703470031545741 0.1663157894736842 0.61198738170347
0 0.32 0.6514195583596214 0.18526315789473685 0.6813880126182965
0 0.4994736842105263 0.6845425867507886 0.16736842105263158 0.61198738170347
0 0.6573684210526316 0.7082018927444794 0.15263157894736842 0.5615141955835962
0 0.8147368421052631 0.7137223974763407 0.14526315789473684 0.5347003154574133
0 0.7647368421052632 0.7208201892744479 0.12947368421052632 0.47634069400630913
0 0.8794736842105263 0.7129337539432177 0.12947368421052632 0.47634069400630913
0 0.9426315789473684 0.7271293375394322 0.11473684210526315 0.5205047318611987
0 0.4663157894736842 0.6829652996845426 0.14947368421052631 0.5457413249211356
0 0.6142105263157894 0.7074132492113564 0.1336842105263158 0.4873817034700315
