0 0.12708333333333335 0.13352601156069366 0.022500000000000003 0.07514450867052024
0 0.12541666666666668 0.23583815028901736 0.04916666666666667 0.16647398843930636
0 0.15833333333333335 0.14219653179190753 0.03166666666666667 0.10635838150289018
0 0.08791666666666667 0.1855491329479769 0.0325 0.11213872832369944
0 0.06416666666666668 0.07919075144508671 0.021666666666666667 0.07745664739884393
0 0.03333333333333333 0.06647398843930637 0.02666666666666667 0.09364161849710984
0 0.16166666666666668 0.7335260115606936 0.13166666666666668 0.4497109826589596
0 0.39 0.6271676300578035 0.11833333333333335 0.40115606936416187
0 0.5379166666666667 0.616184971098266 0.11916666666666667 0.4023121387283237
0 0.4779166666666667 0.5300578034682081 0.11750000000000001 0.3965317919075145
0 0.7625000000000001 0.8034682080924856 0.11166666666666668 0.37919075144508674
0 0.8504166666666667 0.7497109826589596 0.1325 0.4473988439306359
0 0.7266666666666667 0.6410404624277457 0.12000000000000001 0.40578034682080927
0 0.6804166666666667 0.6104046242774567 0.10250000000000001 0.34682080924855496
0 0.625 0.53121387283237 0.10500000000000001 0.3549132947976879
0 0.56125 0.3959537572254336 0.08083333333333334 0.2739884393063584
0 0.5183333333333333 0.34277456647398846 0.06166666666666667 0.2115606936416185
0 0.25125000000000003 0.28034682080924855 0.0575 0.19537572254335261
0 0.28750000000000003 0.2786127167630058 0.06166666666666667 0.21040462427745665
0 0.3275 0.2520231213872833 0.05 0.17341040462427748
0 0.34875 0.26416184971098267 0.0475 0.1606936416184971
0 0.28625 0.12023121387283238 0.022500000000000003 0.07630057803468208
0 0.935 0.5526011560693642 0.115 0.38843930635838153
