0 0.056363636363636366 0.7263922518159807 0.11272727272727273 0.5375302663438257
0 0.17909090909090908 0.6694915254237288 0.11454545454545455 0.3753026634382567
0 0.7054545454545454 0.7130750605326877 0.1709090909090909 0.5544794188861986
0 0.8045454545454546 0.6840193704600485 0.14727272727272728 0.4818401937046005
0 0.8563636363636363 0.6295399515738499 0.12 0.3970944309927361
0 0.8918181818181818 0.6004842615012107 0.09272727272727273 0.30024213075060535
0 0.9518181818181818 0.5593220338983051 0.06727272727272728 0.22276029055690075
0 0.9136363636363637 0.5786924939467313 0.07818181818181819 0.25181598062953997
0 0.9709090909090909 0.5460048426150121 0.05818181818181818 0.20096852300242132
0 0.5381818181818182 0.6513317191283293 0.11272727272727273 0.36803874092009686
0 0.4572727272727273 0.5920096852300243 0.08181818181818182 0.26876513317191286
0 0.6145454545454545 0.6113801452784504 0.09818181818181818 0.31719128329297824
0 0.7554545454545455 0.5665859564164649 0.06727272727272728 0.2179176755447942
