0 0.12421875 0.6820330969267139 0.0703125 0.26713947990543735
0 0.22109375 0.5732860520094563 0.0703125 0.26713947990543735
0 0.30625 0.5023640661938534 0.07187500000000001 0.26713947990543735
0 0.51328125 0.6678486997635934 0.060937500000000006 0.2293144208037825
0 0.44765625000000003 0.5874704491725768 0.051562500000000004 0.19148936170212766
0 0.4265625 0.4728132387706856 0.05625 0.20803782505910165
0 0.37578125 0.42907801418439717 0.0703125 0.26713947990543735
0 0.46718750000000003 0.3463356973995272 0.05 0.1867612293144208
0 0.54296875 0.26832151300236406 0.051562500000000004 0.19148936170212766
0 0.6000000000000001 0.1867612293144208 0.05 0.18439716312056736
0 0.6312500000000001 0.1796690307328605 0.046875 0.17494089834515367
0 0.6859375000000001 0.12647754137115838 0.05 0.19148936170212766
0 0.5859375 0.8226950354609929 0.06875 0.26004728132387706
0 0.7046875 0.5969267139479906 0.065625 0.24349881796690306
0 0.7679687500000001 0.42080378250591016 0.060937500000000006 0.23167848699763594
0 0.81171875 0.2919621749408983 0.051562500000000004 0.19148936170212766
0 0.7484375000000001 0.08865248226950355 0.040625 0.14893617021276595
0 0.7078125000000001 0.11465721040189125 0.040625 0.14893617021276595
0 0.8617187500000001 0.07565011820330969 0.026562500000000003 0.10401891252955082
