0 0.09 0.5764872521246459 0.18 0.6260623229461757
0 0.2 0.6543909348441926 0.168 0.5892351274787536
0 0.314 0.6203966005665723 0.156 0.5495750708215298
0 0.434 0.6373937677053825 0.164 0.56657223796034
0 0.655 0.6997167138810199 0.158 0.5439093484419264
0 0.782 0.6473087818696884 0.156 0.5410764872521246
0 0.921 0.6430594900849859 0.15 0.5212464589235127
0 0.542 0.5141643059490085 0.096 0.3371104815864023
0 0.488 0.5722379603399433 0.12 0.4192634560906516
0 0.859 0.48583569405099153 0.07 0.24079320113314448
0 0.612 0.5750708215297451 0.112 0.3909348441926346
0 0.227 0.36685552407932015 0.054 0.18413597733711048
0 0.709 0.5325779036827196 0.098 0.34560906515580736
