0 0.022656250000000003 0.5427083333333333 0.045312500000000006 0.22708333333333333
0 0.057031250000000006 0.5416666666666666 0.0703125 0.23333333333333334
0 0.10859375 0.5364583333333334 0.0734375 0.23958333333333334
0 0.17343750000000002 0.5354166666666667 0.06875 0.22916666666666666
0 0.8109375000000001 0.55625 0.078125 0.2583333333333333
0 0.7359375 0.5322916666666666 0.07187500000000001 0.23541666666666666
0 0.8523437500000001 0.5583333333333333 0.08281250000000001 0.2708333333333333
0 0.9015625 0.5614583333333333 0.084375 0.27291666666666664
0 0.9578125000000001 0.571875 0.084375 0.27708333333333335
0 0.42734375 0.5885416666666666 0.1421875 0.46041666666666664
0 0.5867187500000001 0.584375 0.1328125 0.4354166666666667
0 0.659375 0.5822916666666667 0.12187500000000001 0.39791666666666664
0 0.24531250000000002 0.5479166666666666 0.10312500000000001 0.3375
0 0.26640625 0.5604166666666667 0.1078125 0.35
0 0.30000000000000004 0.575 0.109375 0.35833333333333334
0 0.3375 0.565625 0.12812500000000002 0.42291666666666666
0 0.38046875 0.55 0.1078125 0.35833333333333334
0 0.47578125000000004 0.58125 0.1296875 0.425
0 0.54453125 0.5760416666666667 0.1171875 0.3854166666666667
