0 0.02127659574468085 0.6077127659574468 0.0425531914893617 0.2692080378250591
0 0.0472905585106383 0.6168735224586288 0.060006648936170214 0.2609338061465721
0 0.09665890957446809 0.5947104018912529 0.06033909574468085 0.2621158392434988
0 0.11893284574468085 0.5840721040189125 0.0633311170212766 0.275709219858156
0 0.1841755319148936 0.5728427895981087 0.05418882978723404 0.23552009456264775
0 0.24119015957446807 0.7492612293144207 0.11070478723404255 0.4802009456264775
0 0.014128989361702128 0.43218085106382975 0.010638297872340425 0.04698581560283688
0 0.10563497340425532 0.438386524822695 0.015126329787234043 0.0658983451536643
0 0.14037566489361702 0.4323286052009456 0.010804521276595744 0.0466903073286052
0 0.15392287234042554 0.44754728132387706 0.015625 0.06826241134751773
0 0.29637632978723405 0.557033096926714 0.04720744680851064 0.2044917257683215
0 0.30859375 0.5574763593380615 0.04371675531914893 0.19001182033096925
0 0.32554853723404253 0.5511229314420804 0.04637632978723404 0.20094562647754136
0 0.3761635638297872 0.6650413711583925 0.07214095744680851 0.31353427895981084
0 0.3976063829787234 0.5401891252955082 0.043218085106382975 0.18735224586288415
0 0.43450797872340424 0.5166962174940898 0.03291223404255319 0.14332151300236406
0 0.48254654255319146 0.5231973995271868 0.03158244680851064 0.13682033096926713
0 0.464594414893617 0.5243794326241135 0.03125 0.13622931442080377
0 0.4475565159574468 0.5307328605200945 0.03274601063829787 0.14243498817966901
0 0.5089760638297872 0.508274231678487 0.032579787234042555 0.14125295508274233
0 0.5605053191489362 0.5078309692671394 0.028590425531914893 0.12440898345153664
0 0.6018118351063829 0.6106678486997635 0.05269281914893617 0.2290189125295508
0 0.6735372340425532 0.6922281323877069 0.09674202127659574 0.42050827423167847
0 0.8312001329787234 0.6422872340425532 0.06698803191489361 0.2910756501182033
