0 0.11727272727272728 0.4742647058823529 0.0890909090909091 0.2965686274509804
0 0.19272727272727272 0.4693627450980392 0.08 0.27205882352941174
0 0.2818181818181818 0.46078431372549017 0.08727272727272728 0.2892156862745098
0 0.3654545454545455 0.47058823529411764 0.08727272727272728 0.2892156862745098
0 0.41363636363636364 0.4620098039215686 0.07454545454545454 0.25245098039215685
0 0.4636363636363636 0.47058823529411764 0.07272727272727272 0.24019607843137256
0 0.5181818181818182 0.4522058823529412 0.08363636363636363 0.2818627450980392
0 0.6363636363636364 0.4779411764705882 0.08 0.2647058823529412
0 0.6790909090909091 0.47549019607843135 0.06363636363636363 0.21568627450980393
0 0.7654545454545455 0.4730392156862745 0.05818181818181818 0.19117647058823528
