0 0.051041666666666666 0.2861602497398543 0.07569444444444445 0.27887617065556713
0 0.12118055555555556 0.47450572320499484 0.07708333333333334 0.28095733610822066
0 0.09861111111111112 0.759105098855359 0.07777777777777778 0.28824141519250784
0 0.2076388888888889 0.7866805411030178 0.0763888888888889 0.27887617065556713
0 0.2625 0.8475546305931322 0.07916666666666666 0.2924037460978148
0 0.39722222222222225 0.7372528616024975 0.07083333333333333 0.2611862643080125
0 0.5631944444444444 0.7793964620187306 0.07083333333333333 0.2601456815816858
0 0.6927083333333334 0.793964620187305 0.07847222222222222 0.2872008324661811
0 0.48020833333333335 0.6066597294484912 0.07152777777777779 0.26222684703433924
0 0.07465277777777778 0.12018730489073882 0.06319444444444444 0.2299687825182102
0 0.11493055555555556 0.12955254942767952 0.04652777777777778 0.16961498439125913
0 0.17673611111111112 0.3449531737773153 0.05486111111111111 0.2029136316337149
0 0.5454861111111111 0.2559833506763788 0.04513888888888889 0.16857440166493237
0 0.6930555555555555 0.13579604578563997 0.05555555555555556 0.2029136316337149
0 0.7256944444444444 0.1446409989594173 0.051388888888888894 0.18730489073881376
0 0.5059027777777778 0.13215400624349638 0.04652777777777778 0.17065556711758587
0 0.5680555555555555 0.12070759625390219 0.06527777777777778 0.24141519250780438
0 0.8350694444444445 0.7788761706555671 0.07569444444444445 0.27991675338189387
0 0.904513888888889 0.6810613943808533 0.08402777777777778 0.3069719042663892
0 0.8972222222222223 0.5192507804370448 0.07083333333333333 0.2580645161290323
0 0.9725694444444445 0.6337148803329865 0.05486111111111111 0.31009365244536946
0 0.9336805555555556 0.1805411030176899 0.07291666666666667 0.26742976066597296
0 0.7666666666666667 0.25078043704474506 0.06944444444444445 0.2539021852237253
0 0.6628472222222223 0.09417273673257025 0.043750000000000004 0.16337148803329865
0 0.6409722222222223 0.3267429760665973 0.05416666666666667 0.19771071800208118
0 0.7166666666666667 0.48751300728407915 0.0763888888888889 0.27991675338189387
