0 0.10486111111111111 0.8975155279503106 0.04861111111111111 0.17598343685300208
0 0.16736111111111113 0.9078674948240166 0.04027777777777778 0.15113871635610768
0 0.3229166666666667 0.8695652173913044 0.04583333333333334 0.1697722567287785
0 0.29097222222222224 0.7846790890269152 0.04861111111111111 0.1780538302277433
0 0.25 0.7370600414078675 0.04722222222222222 0.1739130434782609
0 0.2263888888888889 0.6635610766045549 0.04722222222222222 0.17598343685300208
0 0.14166666666666666 0.6397515527950312 0.03888888888888889 0.14078674948240166
0 0.09722222222222222 0.6625258799171843 0.044444444444444446 0.16563146997929606
0 0.04722222222222222 0.7225672877846792 0.036111111111111115 0.13664596273291926
0 0.061111111111111116 0.5600414078674949 0.03333333333333333 0.12629399585921325
0 0.4104166666666667 0.8302277432712216 0.04027777777777778 0.15320910973084886
0 0.3888888888888889 0.813664596273292 0.044444444444444446 0.16149068322981366
0 0.41944444444444445 0.5238095238095238 0.03333333333333333 0.12836438923395446
0 0.5180555555555556 0.7805383022774328 0.04722222222222222 0.1739130434782609
0 0.5708333333333333 0.7536231884057971 0.05 0.1821946169772257
0 0.6062500000000001 0.8457556935817806 0.051388888888888894 0.19254658385093168
0 0.6680555555555556 0.8322981366459627 0.04722222222222222 0.1780538302277433
0 0.3763888888888889 0.5155279503105591 0.030555555555555558 0.11594202898550726
0 0.31527777777777777 0.4306418219461698 0.03333333333333333 0.12836438923395446
0 0.2604166666666667 0.437888198757764 0.0375 0.14285714285714288
0 0.2076388888888889 0.5600414078674949 0.0375 0.13871635610766048
0 0.13194444444444445 0.5579710144927537 0.04166666666666667 0.15113871635610768
0 0.013194444444444444 0.6573498964803313 0.02638888888888889 0.14285714285714288
0 0.1527777777777778 0.5341614906832298 0.03333333333333333 0.12008281573498966
0 0.35694444444444445 0.40476190476190477 0.036111111111111115 0.13457556935817808
0 0.5888888888888889 0.5693581780538303 0.04722222222222222 0.1697722567287785
0 0.5305555555555556 0.5776397515527951 0.04722222222222222 0.1697722567287785
0 0.5097222222222222 0.5175983436853002 0.036111111111111115 0.13664596273291926
0 0.4881944444444445 0.4202898550724638 0.034722222222222224 0.13250517598343686
0 0.775 0.49378881987577644 0.03888888888888889 0.14285714285714288
0 0.74375 0.4213250517598344 0.034722222222222224 0.12629399585921325
0 0.7229166666666667 0.3788819875776398 0.0375 0.14078674948240166
0 0.6826388888888889 0.3509316770186336 0.029166666666666667 0.11387163561076605
0 0.8416666666666667 0.3892339544513458 0.036111111111111115 0.13664596273291926
0 0.8076388888888889 0.3478260869565218 0.04027777777777778 0.14492753623188406
0 0.9006944444444445 0.4710144927536232 0.04027777777777778 0.15113871635610768
0 0.8659722222222223 0.3871635610766046 0.0375 0.13664596273291926
0 0.9173611111111112 0.32194616977225676 0.0375 0.13871635610766048
0 0.9500000000000001 0.3198757763975156 0.04166666666666667 0.15113871635610768
0 0.9319444444444445 0.6884057971014493 0.04166666666666667 0.15942028985507248
0 0.8819444444444445 0.7318840579710145 0.036111111111111115 0.13871635610766048
0 0.9791666666666667 0.6977225672877847 0.04166666666666667 0.15734989648033126
0 0.7805555555555556 0.8405797101449276 0.044444444444444446 0.16149068322981366
0 0.7722222222222223 0.14906832298136646 0.030555555555555558 0.11594202898550726
0 0.701388888888889 0.18426501035196688 0.03333333333333333 0.12422360248447206
0 0.12152777777777778 0.31884057971014496 0.04861111111111111 0.1780538302277433
0 0.058333333333333334 0.339544513457557 0.05 0.1821946169772257
0 0.04027777777777778 0.3198757763975156 0.044444444444444446 0.16770186335403728
0 0.07430555555555556 0.2391304347826087 0.034722222222222224 0.13043478260869565
0 0.017361111111111112 0.2650103519668737 0.034722222222222224 0.15320910973084886
0 0.1486111111111111 0.2153209109730849 0.03333333333333333 0.12422360248447206
0 0.43194444444444446 0.2308488612836439 0.036111111111111115 0.13043478260869565
0 0.45555555555555555 0.2091097308488613 0.036111111111111115 0.13664596273291926
0 0.6236111111111111 0.16149068322981366 0.030555555555555558 0.11594202898550726
0 0.6618055555555555 0.16356107660455488 0.034722222222222224 0.12422360248447206
0 0.5826388888888889 0.10041407867494825 0.034722222222222224 0.12629399585921325
0 0.8645833333333334 0.15942028985507248 0.034722222222222224 0.12422360248447206
0 0.9041666666666667 0.05797101449275363 0.030555555555555558 0.11594202898550726
0 0.8319444444444445 0.09523809523809525 0.036111111111111115 0.13250517598343686
0 0.42986111111111114 0.09730848861283645 0.034722222222222224 0.12422360248447206
0 0.40555555555555556 0.07453416149068323 0.03333333333333333 0.12422360248447206
0 0.7354166666666667 0.2111801242236025 0.02638888888888889 0.09937888198757765
0 0.7180555555555556 0.2236024844720497 0.025 0.09109730848861285
0 0.5180555555555556 0.24844720496894412 0.03888888888888889 0.14078674948240166
0 0.46319444444444446 0.07867494824016563 0.03194444444444445 0.11594202898550726
0 0.4756944444444445 0.10662525879917185 0.03194444444444445 0.11801242236024846
0 0.5465277777777778 0.06832298136645963 0.029166666666666667 0.11180124223602485
0 0.8041666666666667 0.14906832298136646 0.025 0.09109730848861285
0 0.8652777777777778 0.055900621118012424 0.02777777777777778 0.10351966873706005
0 0.6798611111111111 0.09006211180124224 0.029166666666666667 0.10559006211180125
