0 0.28125 0.7142857142857142 0.0975 0.3043478260869565
0 0.19 0.7111801242236024 0.095 0.2919254658385093
0 0.1575 0.703416149068323 0.085 0.2639751552795031
0 0.05625 0.6972049689440993 0.08750000000000001 0.2639751552795031
0 0.085 0.686335403726708 0.075 0.23602484472049687
0 0.11625 0.6940993788819876 0.0675 0.20807453416149066
0 0.33875 0.6319875776397516 0.0675 0.20807453416149066
0 0.40875 0.6490683229813664 0.0575 0.18012422360248445
0 0.45125 0.7049689440993788 0.0975 0.2981366459627329
0 0.515 0.6413043478260869 0.055 0.17701863354037267
0 0.5725 0.7003105590062111 0.095 0.2950310559006211
0 0.62 0.6413043478260869 0.06 0.18322981366459626
0 0.6900000000000001 0.6940993788819876 0.095 0.2950310559006211
0 0.89375 0.6583850931677018 0.0825 0.24844720496894407
0 0.3625 0.5636645962732919 0.045 0.13975155279503104
0 0.0225 0.6816770186335404 0.045 0.20186335403726707
0 0.54875 0.6645962732919254 0.0675 0.21118012422360247
