0 0.058116232464929855 0.7720364741641338 0.08016032064128256 0.2978723404255319
0 0.31462925851703405 0.7416413373860182 0.06813627254509018 0.2553191489361702
0 0.22044088176352702 0.6109422492401215 0.07615230460921843 0.2857142857142857
0 0.11022044088176351 0.5045592705167173 0.06012024048096192 0.23100303951367782
0 0.03106212424849699 0.4027355623100304 0.06212424849699398 0.24620060790273557
0 0.052104208416833664 0.19908814589665652 0.06012024048096192 0.22188449848024316
0 0.13326653306613226 0.2750759878419453 0.058116232464929855 0.22188449848024316
0 0.17434869739478956 0.10182370820668693 0.052104208416833664 0.20364741641337386
0 0.24248496993987975 0.18693009118541035 0.06012024048096192 0.22796352583586627
0 0.34669338677354705 0.25835866261398177 0.05611222444889779 0.2188449848024316
0 0.34068136272545085 0.10486322188449848 0.052104208416833664 0.20364741641337386
0 0.4338677354709419 0.1778115501519757 0.058116232464929855 0.21580547112462006
0 0.4599198396793587 0.378419452887538 0.058116232464929855 0.21580547112462006
0 0.44088176352705405 0.5972644376899696 0.06813627254509018 0.25227963525835867
0 0.5591182364729459 0.46808510638297873 0.05611222444889779 0.2188449848024316
0 0.531062124248497 0.25379939209726443 0.06012024048096192 0.22188449848024316
0 0.5270541082164328 0.0972644376899696 0.052104208416833664 0.1945288753799392
0 0.6002004008016032 0.16717325227963525 0.058116232464929855 0.2127659574468085
0 0.7004008016032064 0.24164133738601823 0.06212424849699398 0.22796352583586627
0 0.7965931863727455 0.1458966565349544 0.05410821643286573 0.2006079027355623
0 0.6472945891783567 0.364741641337386 0.05611222444889779 0.2188449848024316
0 0.7575150300601202 0.439209726443769 0.06813627254509018 0.25227963525835867
0 0.8106212424849699 0.33890577507598785 0.06212424849699398 0.23404255319148937
0 0.9058116232464929 0.22036474164133737 0.05611222444889779 0.20972644376899696
0 0.9458917835671342 0.11702127659574468 0.05611222444889779 0.20972644376899696
0 0.9418837675350701 0.4270516717325228 0.06012024048096192 0.22796352583586627
0 0.8717434869739479 0.5395136778115501 0.06813627254509018 0.25835866261398177
0 0.7845691382765531 0.6899696048632219 0.07014028056112225 0.2674772036474164
0 0.6733466933867734 0.8389057750759878 0.06813627254509018 0.2553191489361702
0 0.6873747494989979 0.5820668693009119 0.06012024048096192 0.23404255319148937
0 0.23847695390781562 0.36930091185410335 0.06412825651302605 0.24012158054711247
0 0.5490981963927856 0.7127659574468085 0.0721442885771543 0.270516717325228
0 0.32965931863727455 0.4787234042553192 0.06613226452905811 0.25227963525835867
0 0.9258517034068136 0.8282674772036475 0.06813627254509018 0.25835866261398177
