0 0.22043010752688172 0.8468606431852986 0.08172043010752689 0.2879019908116386
0 0.3064516129032258 0.7947932618683002 0.07526881720430108 0.26033690658499237
0 0.36612903225806454 0.8047473200612558 0.08494623655913978 0.2955589586523737
0 0.42473118279569894 0.8147013782542114 0.08172043010752689 0.2848392036753446
0 0.46236559139784944 0.827718223583461 0.07096774193548387 0.24655436447166923
0 0.5478494623655914 0.7802450229709036 0.08924731182795699 0.3108728943338438
0 0.6059139784946237 0.7580398162327718 0.07204301075268817 0.2542113323124043
0 0.696236559139785 0.7281776416539051 0.06774193548387097 0.24042879019908117
0 0.7596774193548387 0.7151607963246555 0.06559139784946237 0.2327718223583461
0 0.8043010752688172 0.7120980091883614 0.05591397849462366 0.19601837672281777
0 0.8349462365591398 0.6990811638591118 0.06344086021505377 0.21898928024502298
0 0.8682795698924731 0.7833078101071976 0.07634408602150537 0.2679938744257274
0 0.2618279569892473 0.7503828483920368 0.05913978494623656 0.20520673813169985
0 0.13655913978494624 0.7373660030627872 0.06021505376344086 0.21286370597243492
0 0.2252688172043011 0.7120980091883614 0.06559139784946237 0.2327718223583461
0 0.49731182795698925 0.6669218989280246 0.06559139784946237 0.2312404287901991
0 0.5698924731182796 0.6623277182235835 0.06236559139784946 0.21898928024502298
0 0.5161290322580645 0.7067381316998469 0.06451612903225806 0.22511485451761104
0 0.7236559139784946 0.6500765696784073 0.05161290322580645 0.18223583460949463
