0 0.8515625 0.625 0.09375 0.4345238095238095
0 0.9085937500000001 0.6235119047619048 0.08281250000000001 0.3898809523809524
0 0.9671875000000001 0.6681547619047619 0.05625 0.2708333333333333
0 0.35781250000000003 0.5535714285714285 0.10312500000000001 0.4821428571428571
0 0.0703125 0.5967261904761905 0.06875 0.31845238095238093
0 0.225 0.6354166666666666 0.065625 0.3125
0 0.6531250000000001 0.5833333333333333 0.08750000000000001 0.41666666666666663
0 0.53359375 0.6160714285714285 0.0671875 0.3214285714285714
0 0.41953125 0.5773809523809523 0.0765625 0.3571428571428571
0 0.7054687500000001 0.6354166666666666 0.0703125 0.33035714285714285
