0 0.0661764705882353 0.6186252771618626 0.10588235294117647 0.3946784922394678
0 0.13676470588235293 0.5332594235033259 0.044117647058823525 0.16186252771618626
0 0.1764705882352941 0.5188470066518847 0.041176470588235294 0.15077605321507762
0 0.2389705882352941 0.5299334811529933 0.045588235294117645 0.1729490022172949
0 0.2786764705882353 0.5133037694013304 0.030882352941176472 0.11751662971175167
0 0.3367647058823529 0.5277161862527716 0.052941176470588235 0.1951219512195122
0 0.3551470588235294 0.70509977827051 0.1161764705882353 0.43458980044345896
0 0.3889705882352941 0.5044345898004434 0.027941176470588233 0.10864745011086474
0 0.7485294117647059 0.7128603104212861 0.11764705882352941 0.43680709534368073
0 0.6073529411764705 0.5576496674057649 0.044117647058823525 0.1662971175166297
0 0.8132352941176471 0.5343680709534369 0.03529411764705882 0.1286031042128603
0 0.8610294117647058 0.5421286031042128 0.03676470588235294 0.13968957871396895
0 0.9338235294117647 0.5565410199556541 0.041176470588235294 0.15077605321507762
0 0.5779411764705882 0.5177383592017738 0.029411764705882353 0.10864745011086474
