0 0.018914473684210526 0.5889985380116959 0.03782894736842105 0.1692251461988304
0 0.03673245614035087 0.5440423976608186 0.03070175438596491 0.09978070175438596
0 0.06304824561403509 0.6209795321637427 0.042763157894736836 0.1388888888888889
0 0.10868969298245613 0.5858918128654971 0.0381030701754386 0.125
0 0.08977521929824561 0.5588450292397661 0.028234649122807015 0.09210526315789473
0 0.07099780701754385 0.5476973684210527 0.02850877192982456 0.09393274853801169
0 0.1293859649122807 0.5385599415204678 0.023026315789473683 0.07492690058479531
0 0.19558662280701752 0.5995979532163742 0.03700657894736842 0.1202485380116959
0 0.21450109649122806 0.6900584795321637 0.02933114035087719 0.09576023391812866
0 0.23122258771929824 0.6664839181286549 0.04742324561403508 0.15533625730994152
0 0.2572642543859649 0.6140350877192982 0.03974780701754386 0.1293859649122807
0 0.2649396929824561 0.579861111111111 0.03426535087719298 0.1114766081871345
0 0.2210800438596491 0.5413011695906432 0.023848684210526314 0.07748538011695906
0 0.14418859649122806 0.6429093567251462 0.046600877192982455 0.15204678362573099
0 0.3626644736842105 0.6811038011695906 0.05427631578947368 0.17653508771929824
0 0.5034265350877193 0.7090643274853801 0.06277412280701754 0.2046783625730994
0 0.45682565789473684 0.6507675438596491 0.04742324561403508 0.15460526315789472
0 0.4159813596491228 0.6065423976608186 0.03919956140350877 0.1282894736842105
0 0.390625 0.5820540935672515 0.03234649122807017 0.10562865497076022
0 0.3310032894736842 0.5851608187134503 0.04413377192982456 0.14400584795321636
0 0.5139802631578947 0.6281067251461988 0.043311403508771926 0.14144736842105263
0 0.4416118421052631 0.5699926900584795 0.03234649122807017 0.10489766081871345
0 0.5742872807017544 0.6785453216374269 0.0537280701754386 0.17580409356725146
0 0.6185581140350876 0.6445540935672515 0.04632675438596491 0.1509502923976608
0 0.5553728070175439 0.6058114035087719 0.038377192982456135 0.12609649122807018
0 0.5956688596491228 0.5930190058479532 0.03234649122807017 0.10489766081871345
0 0.6536458333333333 0.6379751461988303 0.04413377192982456 0.14364035087719298
0 0.6661184210526315 0.7351973684210525 0.07182017543859649 0.23428362573099415
0 0.6994243421052632 0.7039473684210525 0.059484649122807015 0.19444444444444442
0 0.7449287280701754 0.6575292397660818 0.0512609649122807 0.16739766081871343
0 0.7782346491228069 0.6098318713450293 0.03782894736842105 0.12390350877192982
0 0.8896655701754386 0.7955043859649122 0.08196271929824561 0.2671783625730994
0 0.9242050438596491 0.540204678362573 0.01726973684210526 0.05701754385964912
0 0.9473684210526315 0.5456871345029239 0.020285087719298246 0.06578947368421052
0 0.977110745614035 0.5780336257309941 0.030975877192982455 0.10197368421052631
0 0.9680646929824561 0.5544590643274854 0.024396929824561403 0.0804093567251462
0 0.9890350877192982 0.5964912280701754 0.021929824561403508 0.10380116959064327
0 0.9887609649122806 0.5933845029239766 0.021381578947368418 0.07054093567251461
0 0.8651315789473684 0.5100511695906432 0.009868421052631578 0.03179824561403509
0 0.8563596491228069 0.5206505847953216 0.008223684210526315 0.0266812865497076
