0 0.05272727272727273 0.5149863760217983 0.07272727272727272 0.2670299727520436
0 0.17363636363636364 0.5858310626702997 0.14 0.5177111716621253
0 0.4718181818181818 0.5817438692098093 0.10727272727272727 0.3896457765667575
0 0.6063636363636363 0.5653950953678474 0.08181818181818182 0.30245231607629425
0 0.5272727272727272 0.5163487738419619 0.04 0.1553133514986376
0 0.02 0.48501362397820164 0.04 0.16893732970027248
0 0.639090909090909 0.5122615803814714 0.038181818181818185 0.14713896457765668
0 0.6654545454545454 0.5095367847411444 0.03636363636363636 0.1416893732970027
0 0.6927272727272727 0.5163487738419619 0.03272727272727273 0.12261580381471389
0 0.7354545454545455 0.5149863760217983 0.034545454545454546 0.13623978201634876
0 0.7727272727272727 0.5217983651226158 0.03272727272727273 0.11716621253405994
0 0.8118181818181818 0.5149863760217983 0.03090909090909091 0.11444141689373297
0 0.8409090909090909 0.5136239782016349 0.02727272727272727 0.10626702997275204
0 0.8690909090909091 0.5177111716621253 0.025454545454545455 0.10354223433242507
0 0.8527272727272728 0.5190735694822888 0.02909090909090909 0.11171662125340599
0 0.8954545454545455 0.5190735694822888 0.023636363636363636 0.08991825613079019
0 0.9227272727272727 0.5204359673024523 0.02727272727272727 0.09809264305177111
0 0.5609090909090909 0.5081743869209809 0.038181818181818185 0.13896457765667575
