0 0.10513771186440678 0.7032723239046035 0.13894774011299435 0.5324459234608986
0 0.19023658192090395 0.70687742651137 0.1258827683615819 0.4825291181364393
0 0.2667725988700565 0.6837215751525236 0.1302966101694915 0.4994453688297283
0 0.339600988700565 0.6595951192457017 0.1262358757062147 0.48447032723239053
0 0.4245233050847458 0.6497504159733778 0.1283545197740113 0.4925124792013312
0 0.5046786723163842 0.6688851913477538 0.12129237288135593 0.46533555185801445
0 0.5773305084745762 0.6514143094841931 0.12782485875706215 0.4902939545202441
0 0.6528954802259886 0.6651414309484194 0.12535310734463276 0.48114254021075986
0 0.7479696327683616 0.661259012756517 0.12235169491525423 0.4694952856350527
0 0.828566384180791 0.6706877426511371 0.1172316384180791 0.4500831946755408
0 0.906691384180791 0.6464226289517472 0.1336511299435028 0.5119245701608431
