0 0.28146853146853146 0.6125356125356126 0.06993006993006994 0.2792022792022792
0 0.5987762237762237 0.5527065527065528 0.09965034965034965 0.4045584045584046
0 0.46503496503496505 0.6168091168091169 0.03496503496503497 0.1452991452991453
0 0.08566433566433566 0.6025641025641026 0.10839160839160839 0.4415954415954416
0 0.11713286713286714 0.6225071225071226 0.06993006993006994 0.28205128205128205
0 0.1381118881118881 0.6381766381766382 0.05944055944055944 0.23931623931623933
0 0.7377622377622378 0.586894586894587 0.05944055944055944 0.23361823361823364
0 0.7596153846153846 0.6011396011396012 0.050699300699300696 0.19943019943019943
0 0.7963286713286714 0.6025641025641026 0.050699300699300696 0.2022792022792023
0 0.8898601398601399 0.5626780626780628 0.07342657342657342 0.29914529914529914
0 0.8583916083916084 0.5683760683760684 0.06993006993006994 0.28205128205128205
0 0.8365384615384616 0.5655270655270656 0.06818181818181818 0.2706552706552707
0 0.9414335664335665 0.5541310541310541 0.08216783216783216 0.32763532763532766
0 0.9632867132867133 0.5584045584045584 0.07342657342657342 0.3304843304843305
0 0.3767482517482518 0.6282051282051282 0.022727272727272728 0.09401709401709402
0 0.3986013986013986 0.6253561253561254 0.02097902097902098 0.08831908831908833
0 0.20192307692307693 0.6438746438746439 0.026223776223776224 0.10256410256410257
