0 0.06861924686192468 0.4635907093534212 0.0702928870292887 0.2592592592592593
0 0.11589958158995815 0.4843063402385437 0.08284518828451883 0.3044569993722536
0 0.297489539748954 0.45323289391086 0.07196652719665271 0.2649089767733836
0 0.24644351464435146 0.564030131826742 0.11715481171548116 0.43000627746390463
0 0.3951882845188284 0.6067168863779033 0.15188284518828452 0.5568110483364721
0 0.48828451882845186 0.4538606403013183 0.06443514644351464 0.23603264281230385
0 0.6345188284518828 0.4758317639673572 0.07573221757322175 0.2787193973634652
0 0.5472803347280334 0.5260514752040176 0.10711297071129706 0.3929692404268676
0 0.6972803347280334 0.4538606403013183 0.06401673640167363 0.23477715003138733
0 0.8640167364016735 0.5112994350282486 0.09707112970711297 0.35467671060891404
0 0.9679916317991631 0.46610169491525427 0.050627615062761505 0.1851851851851852
0 0.8027196652719665 0.5982423101067169 0.12426778242677823 0.4569993722536096
