0 0.019090909090909092 0.6340057636887607 0.034545454545454546 0.13256484149855907
0 0.01 0.6282420749279538 0.02 0.13832853025936598
0 0.17454545454545456 0.6325648414985591 0.02181818181818182 0.09510086455331411
0 0.19727272727272727 0.6253602305475504 0.023636363636363636 0.09798270893371758
0 0.18727272727272729 0.6282420749279538 0.02181818181818182 0.09221902017291066
0 0.16363636363636364 0.6311239193083573 0.02181818181818182 0.09221902017291066
0 0.21181818181818182 0.6296829971181556 0.023636363636363636 0.0893371757925072
0 0.23 0.6253602305475504 0.02 0.08645533141210374
0 0.24909090909090909 0.6239193083573487 0.02181818181818182 0.08357348703170028
0 0.26181818181818184 0.6268011527377522 0.02181818181818182 0.08357348703170028
