0 0.017977528089887642 0.7020000000000001 0.035955056179775284 0.23600000000000002
0 0.06629213483146068 0.718 0.05168539325842697 0.228
0 0.10337078651685394 0.714 0.04943820224719102 0.228
0 0.15393258426966294 0.722 0.05617977528089888 0.244
0 0.17977528089887643 0.714 0.040449438202247195 0.188
0 0.3674157303370787 0.742 0.04719101123595506 0.22
0 0.4337078651685394 0.678 0.04943820224719102 0.228
0 0.49101123595505625 0.6880000000000001 0.04269662921348315 0.2
0 0.47078651685393264 0.61 0.038202247191011236 0.164
0 0.5213483146067416 0.586 0.02696629213483146 0.132
0 0.5528089887640449 0.604 0.035955056179775284 0.16
0 0.703370786516854 0.734 0.04943820224719102 0.212
0 0.250561797752809 0.608 0.038202247191011236 0.176
0 0.27303370786516856 0.5720000000000001 0.029213483146067417 0.136
0 0.28876404494382024 0.606 0.04269662921348315 0.196
0 0.3078651685393259 0.598 0.040449438202247195 0.18
0 0.1202247191011236 0.41000000000000003 0.011235955056179777 0.06
0 0.11123595505617978 0.354 0.011235955056179777 0.06
0 0.08314606741573034 0.372 0.01348314606741573 0.064
0 0.06179775280898877 0.372 0.015730337078651686 0.08
0 0.11235955056179776 0.28 0.01348314606741573 0.056
0 0.1 0.28400000000000003 0.011235955056179777 0.048
0 0.13258426966292136 0.352 0.01348314606741573 0.064
0 0.15955056179775282 0.386 0.01348314606741573 0.06
0 0.17977528089887643 0.394 0.008988764044943821 0.052000000000000005
0 0.21123595505617979 0.41000000000000003 0.008988764044943821 0.044
0 0.26179775280898876 0.4 0.011235955056179777 0.048
0 0.24831460674157305 0.334 0.011235955056179777 0.052000000000000005
0 0.24269662921348317 0.28200000000000003 0.008988764044943821 0.044
0 0.301123595505618 0.372 0.008988764044943821 0.048
0 0.31910112359550563 0.404 0.01348314606741573 0.056
0 0.32921348314606746 0.4 0.011235955056179777 0.064
0 0.3370786516853933 0.402 0.008988764044943821 0.052000000000000005
0 0.34831460674157305 0.402 0.01348314606741573 0.06
0 0.3606741573033708 0.404 0.011235955056179777 0.064
0 0.37528089887640453 0.402 0.01348314606741573 0.068
0 0.3887640449438203 0.404 0.01348314606741573 0.064
0 0.41011235955056186 0.404 0.011235955056179777 0.048
0 0.47415730337078654 0.402 0.01348314606741573 0.068
0 0.4471910112359551 0.41000000000000003 0.01348314606741573 0.06
0 0.504494382022472 0.41000000000000003 0.011235955056179777 0.052000000000000005
0 0.4876404494382023 0.41000000000000003 0.008988764044943821 0.052000000000000005
0 0.5280898876404495 0.404 0.01348314606741573 0.056
0 0.5617977528089888 0.422 0.017977528089887642 0.084
0 0.6539325842696629 0.51 0.017977528089887642 0.092
0 0.6775280898876405 0.502 0.015730337078651686 0.068
0 0.6921348314606742 0.502 0.017977528089887642 0.092
0 0.7157303370786517 0.496 0.020224719101123598 0.088
0 0.7280898876404495 0.498 0.017977528089887642 0.092
0 0.7629213483146068 0.514 0.020224719101123598 0.1
0 0.7808988764044944 0.524 0.011235955056179777 0.056
0 0.7943820224719101 0.46 0.011235955056179777 0.064
0 0.19887640449438204 0.336 0.011235955056179777 0.064
0 0.7382022471910114 0.626 0.03370786516853933 0.156
0 0.7235955056179776 0.61 0.035955056179775284 0.156
0 0.953932584269663 0.786 0.05617977528089888 0.244
0 0.9460674157303371 0.626 0.040449438202247195 0.17200000000000001
0 0.8898876404494382 0.47600000000000003 0.022471910112359553 0.10400000000000001
0 0.9146067415730338 0.504 0.022471910112359553 0.096
0 0.025842696629213485 0.708 0.05168539325842697 0.256
0 0.16179775280898878 0.222 0.008988764044943821 0.052000000000000005
0 0.17528089887640452 0.216 0.01348314606741573 0.064
0 0.1865168539325843 0.228 0.01348314606741573 0.056
0 0.19213483146067417 0.198 0.011235955056179777 0.052000000000000005
0 0.20674157303370788 0.192 0.01348314606741573 0.064
0 0.2157303370786517 0.152 0.008988764044943821 0.048
