0 0.02734375 0.58125 0.0546875 0.22083333333333333
0 0.11210937500000001 0.5989583333333334 0.07265625 0.2375
0 0.049218750000000006 0.5677083333333334 0.040625 0.13333333333333333
0 0.08281250000000001 0.5697916666666667 0.035937500000000004 0.12083333333333333
0 0.13828125 0.5739583333333333 0.0484375 0.15833333333333333
0 0.16132812500000002 0.5546875 0.03828125 0.12604166666666666
0 0.18671875000000002 0.5541666666666667 0.0390625 0.12708333333333333
0 0.21054687500000002 0.5848958333333333 0.05234375 0.171875
0 0.241015625 0.6005208333333333 0.08671875000000001 0.28229166666666666
0 0.31796875 0.5677083333333334 0.053125000000000006 0.175
0 0.28945312500000003 0.55625 0.030468750000000003 0.1
0 0.35703125 0.5614583333333333 0.046875 0.15416666666666667
0 0.40273437500000003 0.6442708333333333 0.09609375 0.315625
0 0.484375 0.5901041666666667 0.0671875 0.21979166666666666
0 0.539453125 0.6348958333333333 0.06953125 0.22604166666666667
0 0.580078125 0.5796875 0.05234375 0.171875
0 0.641796875 0.6859375 0.11328125 0.3677083333333333
0 0.7140625 0.65 0.084375 0.275
0 0.779296875 0.6286458333333333 0.07734375 0.25104166666666666
0 0.849609375 0.725 0.12265625000000001 0.40208333333333335
0 0.946484375 0.6739583333333333 0.09765625 0.31666666666666665
0 0.071484375 0.5479166666666666 0.049218750000000006 0.1625
0 0.342578125 0.5546875 0.02890625 0.09479166666666666
0 0.60859375 0.546875 0.03125 0.10208333333333333
