0 0.127 0.6168384879725086 0.058 0.24398625429553264
0 0.18 0.6786941580756014 0.068 0.2920962199312715
0 0.231 0.6838487972508591 0.074 0.3161512027491409
0 0.216 0.6735395189003436 0.064 0.27491408934707906
0 0.297 0.6512027491408935 0.062 0.27147766323024053
0 0.318 0.6323024054982818 0.064 0.26804123711340205
0 0.368 0.634020618556701 0.064 0.27147766323024053
0 0.423 0.6305841924398625 0.062 0.2646048109965636
0 0.448 0.6838487972508591 0.068 0.28865979381443296
0 0.461 0.6391752577319587 0.07 0.29553264604810997
0 0.51 0.6460481099656358 0.068 0.28865979381443296
0 0.533 0.6872852233676976 0.074 0.3161512027491409
0 0.59 0.6615120274914089 0.056 0.24398625429553264
0 0.633 0.6924398625429553 0.078 0.3333333333333333
0 0.712 0.6357388316151202 0.064 0.27491408934707906
0 0.758 0.6254295532646048 0.06 0.2542955326460481
0 0.733 0.6305841924398625 0.054 0.23711340206185566
0 0.794 0.6357388316151202 0.048 0.21305841924398625
0 0.802 0.5979381443298969 0.06 0.2611683848797251
0 0.833 0.6769759450171822 0.058 0.24054982817869416
0 0.865 0.6254295532646048 0.062 0.2611683848797251
0 0.908 0.6116838487972508 0.052000000000000005 0.21993127147766323
0 0.9430000000000001 0.6237113402061856 0.054 0.23711340206185566
0 0.972 0.5893470790378007 0.044 0.18213058419243985
0 0.387 0.6202749140893471 0.054 0.23711340206185566
0 0.265 0.6030927835051546 0.054 0.23024054982817868
0 0.674 0.6134020618556701 0.056 0.24398625429553264
