0 0.042272727272727274 0.2677595628415301 0.08454545454545455 0.319672131147541
0 0.08727272727272728 0.5389344262295082 0.07454545454545454 0.2773224043715847
0 0.2540909090909091 0.19262295081967212 0.08272727272727273 0.30327868852459017
0 0.33045454545454545 0.2383879781420765 0.08636363636363636 0.3155737704918033
0 0.3836363636363636 0.3825136612021858 0.08181818181818182 0.3005464480874317
0 0.5013636363636363 0.14207650273224043 0.07545454545454545 0.2786885245901639
0 0.6304545454545455 0.15505464480874318 0.07727272727272727 0.28825136612021857
0 0.7963636363636364 0.13319672131147542 0.07090909090909091 0.2609289617486339
0 0.7313636363636363 0.639344262295082 0.08818181818181818 0.3224043715846995
0 0.795 0.6994535519125683 0.08454545454545455 0.31420765027322406
0 0.86 0.7547814207650273 0.08 0.296448087431694
0 0.9081818181818182 0.8346994535519126 0.08545454545454545 0.31693989071038253
0 0.9677272727272728 0.7199453551912568 0.06454545454545454 0.3360655737704918
0 0.675 0.7247267759562841 0.07727272727272727 0.2855191256830601
0 0.6127272727272727 0.7814207650273224 0.09090909090909091 0.3333333333333333
0 0.5322727272727272 0.8538251366120219 0.07181818181818182 0.2677595628415301
0 0.33 0.825136612021858 0.09090909090909091 0.3360655737704918
0 0.2809090909090909 0.6933060109289617 0.07272727272727272 0.2691256830601093
0 0.1968181818181818 0.5068306010928961 0.08454545454545455 0.3087431693989071
0 0.13818181818181818 0.6441256830601093 0.08181818181818182 0.3046448087431694
0 0.25681818181818183 0.6127049180327869 0.08636363636363636 0.3155737704918033
0 0.3422727272727273 0.6352459016393442 0.07909090909090909 0.2896174863387978
0 0.7381818181818182 0.35792349726775957 0.08181818181818182 0.3005464480874317
