0 0.10754716981132076 0.42351274787535415 0.07547169811320754 0.2747875354107649
0 0.21037735849056605 0.3781869688385269 0.04716981132075472 0.17280453257790368
0 0.16981132075471697 0.37252124645892354 0.04528301886792453 0.1671388101983003
0 0.24716981132075472 0.39660056657223797 0.05660377358490566 0.21529745042492918
0 0.3179245283018868 0.5311614730878187 0.19056603773584907 0.7053824362606232
0 0.3679245283018868 0.584985835694051 0.16981132075471697 0.6317280453257791
0 0.47830188679245284 0.528328611898017 0.2018867924528302 0.7450424929178471
0 0.5735849056603773 0.4900849858356941 0.1018867924528302 0.37393767705382436
0 0.6396226415094339 0.45892351274787535 0.1169811320754717 0.4362606232294618
0 0.6839622641509434 0.42492917847025496 0.08490566037735849 0.31728045325779036
0 0.7141509433962264 0.4050991501416431 0.0660377358490566 0.24362606232294617
0 0.7424528301886792 0.39660056657223797 0.0509433962264151 0.1926345609065156
0 0.7990566037735849 0.3937677053824363 0.03962264150943396 0.1529745042492918
0 0.819811320754717 0.4093484419263456 0.04339622641509434 0.1614730878186969
0 0.8471698113207548 0.4065155807365439 0.052830188679245285 0.1954674220963173
0 0.8811320754716981 0.39943342776203966 0.04905660377358491 0.18696883852691218
