0 0.363 0.675226586102719 0.11800000000000001 0.4380664652567976
0 0.5 0.743202416918429 0.108 0.3987915407854985
0 0.915 0.6722054380664653 0.074 0.2809667673716012
0 0.20800000000000002 0.6646525679758308 0.076 0.29003021148036257
0 0.061 0.6540785498489426 0.078 0.28700906344410876
0 0.758 0.6012084592145015 0.064 0.23564954682779457
0 0.844 0.5347432024169184 0.044 0.16314199395770393
0 0.874 0.5120845921450151 0.036000000000000004 0.1299093655589124
0 0.9490000000000001 0.527190332326284 0.034 0.1299093655589124
0 0.592 0.5981873111782477 0.052000000000000005 0.1933534743202417
0 0.5750000000000001 0.56797583081571 0.05 0.18126888217522658
0 0.706 0.5740181268882175 0.044 0.16314199395770393
0 0.628 0.5453172205438066 0.048 0.18429003021148035
