0 0.0325 0.35742971887550196 0.065 0.41767068273092367
0 0.11 0.321285140562249 0.07 0.4257028112449799
0 0.20083333333333334 0.3132530120481927 0.065 0.393574297188755
0 0.18666666666666668 0.5622489959839357 0.08666666666666667 0.5060240963855421
0 0.3241666666666667 0.644578313253012 0.08166666666666667 0.4939759036144578
0 0.4041666666666667 0.5522088353413654 0.08166666666666667 0.47791164658634533
0 0.5116666666666667 0.6526104417670682 0.08 0.4698795180722891
0 0.6016666666666667 0.5401606425702811 0.08333333333333334 0.48594377510040154
0 0.7200000000000001 0.646586345381526 0.07666666666666667 0.4497991967871485
0 0.7558333333333334 0.5301204819277108 0.07833333333333334 0.4738955823293172
0 0.8916666666666667 0.6184738955823292 0.08 0.48192771084337344
0 0.8708333333333333 0.3112449799196787 0.065 0.38955823293172687
