0 0.8313953488372093 0.8353552859618717 0.05581395348837209 0.2045060658578856
0 0.775 0.8370883882149046 0.05465116279069768 0.1975736568457539
0 0.647093023255814 0.7868284228769497 0.019767441860465116 0.07279029462738301
0 0.6273255813953488 0.792894280762565 0.01744186046511628 0.06412478336221837
0 0.6058139534883721 0.7850953206239167 0.013953488372093023 0.05199306759098787
0 0.5872093023255814 0.7807625649913345 0.01627906976744186 0.06065857885615251
0 0.5627906976744186 0.8292894280762565 0.037209302325581395 0.13691507798960137
0 0.5488372093023256 0.8050259965337955 0.020930232558139535 0.08145580589254765
0 0.5296511627906977 0.7989601386481802 0.022093023255813953 0.08318890814558058
0 0.5209302325581395 0.8457538994800693 0.03255813953488372 0.12131715771230502
0 0.4831395348837209 0.830155979202773 0.03837209302325581 0.14211438474870017
0 0.4686046511627907 0.8249566724436741 0.03488372093023256 0.1317157712305026
0 0.4459302325581395 0.8370883882149046 0.033720930232558136 0.12478336221837087
0 0.41860465116279066 0.8353552859618717 0.030232558139534883 0.1143847487001733
0 0.40174418604651163 0.7902946273830156 0.02441860465116279 0.0901213171577123
0 0.30872093023255814 0.7946273830155979 0.031395348837209305 0.11958405545927209
0 0.2982558139534884 0.7998266897746966 0.029069767441860465 0.10918544194107452
0 0.26627906976744187 0.7885615251299827 0.03255813953488372 0.12131715771230502
