0 0.31938775510204087 0.632258064516129 0.10408163265306124 0.4064516129032258
0 0.2653061224489796 0.4806451612903226 0.07755102040816328 0.3032258064516129
0 0.10816326530612246 0.47580645161290325 0.07755102040816328 0.3064516129032258
0 0.04285714285714286 0.46774193548387094 0.07755102040816328 0.2967741935483871
0 0.07755102040816328 0.2903225806451613 0.028571428571428574 0.12258064516129032
0 0.42244897959183675 0.35161290322580646 0.04489795918367347 0.17419354838709677
0 0.5255102040816327 0.4612903225806452 0.07551020408163266 0.2967741935483871
0 0.5408163265306123 0.4241935483870968 0.0653061224489796 0.25483870967741934
0 0.4581632653061225 0.3241935483870968 0.04285714285714286 0.1774193548387097
0 0.5 0.31451612903225806 0.04081632653061225 0.16451612903225807
0 0.3918367346938776 0.3193548387096774 0.04081632653061225 0.16129032258064516
0 0.6989795918367347 0.4790322580645161 0.06326530612244899 0.24193548387096775
0 0.8612244897959185 0.48870967741935484 0.0816326530612245 0.31290322580645163
0 0.8336734693877552 0.49516129032258066 0.07551020408163266 0.3
0 0.8010204081632654 0.38064516129032255 0.05510204081632654 0.2129032258064516
0 0.7724489795918368 0.3564516129032258 0.04693877551020409 0.19032258064516128
0 0.7387755102040817 0.3161290322580645 0.0326530612244898 0.12903225806451613
0 0.7102040816326531 0.3161290322580645 0.028571428571428574 0.11612903225806452
0 0.9500000000000001 0.3580645161290323 0.04285714285714286 0.17419354838709677
0 0.5948979591836735 0.3435483870967742 0.03877551020408164 0.15161290322580645
