0 0.023333333333333334 0.55 0.04666666666666667 0.23
0 0.03833333333333334 0.535 0.05666666666666667 0.20500000000000002
0 0.07500000000000001 0.55125 0.060000000000000005 0.2225
0 0.13333333333333333 0.5475 0.05666666666666667 0.215
0 0.17416666666666666 0.55375 0.055 0.2025
0 0.15916666666666668 0.5387500000000001 0.05166666666666667 0.1975
0 0.1991666666666667 0.5475 0.055 0.20500000000000002
0 0.2275 0.5475 0.055 0.21
0 0.25 0.54125 0.05333333333333334 0.2025
0 0.26833333333333337 0.5325 0.05 0.19
0 0.3066666666666667 0.5337500000000001 0.05 0.1925
0 0.3716666666666667 0.54 0.05666666666666667 0.21
0 0.3591666666666667 0.5387500000000001 0.04833333333333334 0.1775
0 0.42083333333333334 0.54625 0.05166666666666667 0.1875
0 0.39583333333333337 0.5437500000000001 0.05166666666666667 0.1875
0 0.3325 0.5025000000000001 0.011666666666666667 0.05
0 0.3175 0.5325 0.05166666666666667 0.19
0 0.49833333333333335 0.54625 0.04 0.1475
0 0.6225 0.535 0.035 0.135
0 0.5966666666666667 0.5375 0.03333333333333333 0.125
0 0.7025 0.3575 0.008333333333333333 0.04
0 0.6958333333333334 0.3525 0.008333333333333333 0.03
0 0.08333333333333334 0.42375 0.006666666666666667 0.0225
0 0.6491666666666667 0.535 0.035 0.13
0 0.6666666666666667 0.52875 0.03666666666666667 0.1375
0 0.6858333333333334 0.53625 0.035 0.1375
0 0.7116666666666667 0.5387500000000001 0.03666666666666667 0.14250000000000002
0 0.7591666666666668 0.58125 0.07166666666666667 0.2625
0 0.8258333333333334 0.585 0.09166666666666667 0.34
0 0.8350000000000001 0.57125 0.08333333333333334 0.3125
0 0.8750000000000001 0.58375 0.09000000000000001 0.3325
0 0.7816666666666667 0.56125 0.07333333333333333 0.2725
0 0.0475 0.4175 0.005 0.02
