0 0.72900390625 0.17578125 0.0712890625 0.234375
0 0.9755859375 0.166015625 0.048828125 0.2903645833333333
0 0.640625 0.19205729166666666 0.060546875 0.20182291666666666
0 0.515625 0.21158854166666666 0.056640625 0.18880208333333331
0 0.44580078125 0.21875 0.0615234375 0.20052083333333331
0 0.37109375 0.240234375 0.064453125 0.21223958333333331
0 0.3515625 0.24609375 0.0625 0.20572916666666666
0 0.28857421875 0.26236979166666663 0.0615234375 0.20442708333333331
0 0.259765625 0.26432291666666663 0.064453125 0.2109375
0 0.20947265625 0.2786458333333333 0.0693359375 0.22916666666666666
0 0.181640625 0.287109375 0.064453125 0.21223958333333331
0 0.13525390625 0.29166666666666663 0.0732421875 0.2421875
0 0.08984375 0.5690104166666666 0.1484375 0.4817708333333333
0 0.12353515625 0.5416666666666666 0.1435546875 0.4661458333333333
0 0.0693359375 0.3020833333333333 0.0703125 0.22916666666666666
0 0.064453125 0.5755208333333333 0.12890625 0.5
0 0.21923828125 0.5891927083333333 0.1455078125 0.47526041666666663
0 0.34521484375 0.6002604166666666 0.1396484375 0.4583333333333333
