0 0.09919354838709678 0.5387409200968524 0.09516129032258064 0.35108958837772397
0 0.17419354838709677 0.5641646489104116 0.11290322580645161 0.4213075060532688
0 0.25 0.5484261501210654 0.11612903225806452 0.42372881355932207
0 0.31129032258064515 0.5641646489104116 0.1 0.3728813559322034
0 0.3709677419354839 0.5617433414043583 0.11290322580645161 0.4116222760290557
0 0.4056451612903226 0.5472154963680388 0.08225806451612903 0.3099273607748184
0 0.47096774193548385 0.5799031476997579 0.12580645161290321 0.4673123486682809
0 0.5637096774193548 0.5677966101694916 0.10806451612903226 0.39951573849878935
0 0.7298387096774194 0.5532687651331719 0.12419354838709677 0.46246973365617433
0 0.8241935483870968 0.5677966101694916 0.13225806451612904 0.4915254237288136
0 0.8870967741935484 0.5460048426150121 0.10967741935483871 0.4092009685230024
