0 0.19777777777777777 0.6272401433691757 0.17555555555555555 0.6953405017921147
0 0.3977777777777778 0.6075268817204301 0.14444444444444443 0.5698924731182796
0 0.5988888888888889 0.34946236559139787 0.15777777777777777 0.6200716845878136
0 0.7144444444444444 0.3951612903225806 0.13777777777777778 0.546594982078853
0 0.7794444444444445 0.3485663082437276 0.1411111111111111 0.5609318996415771
0 0.8866666666666667 0.3503584229390681 0.14444444444444443 0.568100358422939
0 0.9561111111111111 0.2777777777777778 0.08777777777777777 0.5519713261648745
0 0.8166666666666667 0.3216845878136201 0.12 0.471326164874552
0 0.5244444444444445 0.3225806451612903 0.12222222222222222 0.4838709677419355
0 0.28944444444444445 0.3664874551971326 0.15 0.5931899641577061
0 0.4772222222222222 0.3736559139784946 0.14333333333333334 0.5645161290322581
0 0.44333333333333336 0.44265232974910396 0.18888888888888888 0.7419354838709677
