0 0.494375 0.5111358574610245 0.22375 0.977728285077951
0 0.275 0.16481069042316257 0.075 0.32962138084632514
0 0.17375000000000002 0.16926503340757237 0.0725 0.31625835189309576
0 0.37625000000000003 0.15033407572383073 0.0675 0.30066815144766146
0 0.355625 0.13697104677060132 0.058750000000000004 0.2561247216035635
0 0.68125 0.16703786191536749 0.07 0.3028953229398664
0 0.8356250000000001 0.3351893095768374 0.15375 0.6703786191536748
0 0.9237500000000001 0.20935412026726058 0.08750000000000001 0.37861915367483295
0 0.961875 0.23608017817371937 0.07125000000000001 0.31625835189309576
0 0.629375 0.15701559020044542 0.06625 0.2873051224944321
0 0.429375 0.15256124721603562 0.06875 0.30512249443207123
