0 0.14750000000000002 0.60875 0.10500000000000001 0.3825
0 0.2316666666666667 0.60375 0.10666666666666667 0.3975
0 0.3066666666666667 0.6225 0.1 0.37
0 0.39333333333333337 0.62625 0.09666666666666668 0.3575
0 0.45333333333333337 0.61375 0.10666666666666667 0.3925
0 0.5066666666666667 0.62875 0.1 0.3675
0 0.5741666666666667 0.635 0.095 0.355
0 0.6541666666666667 0.6225 0.10166666666666667 0.38
0 0.7166666666666667 0.62375 0.10333333333333335 0.3825
0 0.7825000000000001 0.62375 0.09833333333333334 0.3625
0 0.8341666666666667 0.6225 0.10166666666666667 0.375
