0 0.19 0.6973293768545994 0.13333333333333333 0.5875370919881305
0 0.6325000000000001 0.7255192878338279 0.125 0.543026706231454
0 0.7358333333333333 0.7255192878338279 0.125 0.543026706231454
0 0.8550000000000001 0.6483679525222552 0.16 0.7032640949554897
0 0.7141666666666667 0.28338278931750743 0.07500000000000001 0.33531157270029677
0 0.6408333333333334 0.4599406528189911 0.095 0.41543026706231456
0 0.5641666666666667 0.48961424332344217 0.09833333333333334 0.4332344213649852
0 0.43583333333333335 0.5445103857566765 0.14166666666666666 0.6201780415430267
0 0.36750000000000005 0.4406528189910979 0.10500000000000001 0.46587537091988135
0 0.5183333333333333 0.3427299703264095 0.11 0.47774480712166173
