0 0.041 0.5587349397590362 0.058 0.213855421686747
0 0.10300000000000001 0.5617469879518072 0.042 0.15963855421686748
0 0.134 0.5602409638554218 0.044 0.16265060240963855
0 0.22 0.5813253012048193 0.1 0.3734939759036145
0 0.4 0.5466867469879518 0.124 0.4548192771084338
0 0.801 0.569277108433735 0.10200000000000001 0.3855421686746988
0 0.969 0.5436746987951807 0.062 0.2921686746987952
0 0.6890000000000001 0.569277108433735 0.08600000000000001 0.3132530120481928
0 0.523 0.569277108433735 0.08600000000000001 0.3253012048192771
0 0.448 0.5557228915662651 0.096 0.35240963855421686
0 0.342 0.5828313253012049 0.1 0.36445783132530124
0 0.28700000000000003 0.5572289156626506 0.038 0.15060240963855423
0 0.19 0.5587349397590362 0.052000000000000005 0.20180722891566266
0 0.511 0.5572289156626506 0.082 0.30120481927710846
0 0.633 0.549698795180723 0.074 0.2740963855421687
0 0.659 0.5677710843373495 0.07 0.2680722891566265
0 0.835 0.5662650602409639 0.082 0.30120481927710846
0 0.884 0.5451807228915663 0.064 0.24096385542168675
