0 0.11571428571428571 0.7877777777777778 0.08571428571428572 0.33111111111111113
0 0.1492857142857143 0.6944444444444444 0.047142857142857146 0.18
0 0.36 0.7255555555555555 0.06285714285714286 0.24666666666666667
0 0.2785714285714286 0.7333333333333333 0.054285714285714284 0.20444444444444446
0 0.2664285714285714 0.7144444444444444 0.047142857142857146 0.18
0 0.5057142857142857 0.8044444444444444 0.09714285714285714 0.37333333333333335
0 0.72 0.7322222222222222 0.06285714285714286 0.24666666666666667
0 0.8607142857142858 0.71 0.032857142857142856 0.13111111111111112
0 0.8457142857142858 0.7244444444444444 0.03428571428571429 0.13777777777777778
0 0.4035714285714286 0.69 0.032857142857142856 0.13111111111111112
0 0.41 0.71 0.02857142857142857 0.10888888888888888
0 0.42714285714285716 0.7 0.03428571428571429 0.13777777777777778
0 0.44357142857142856 0.6977777777777778 0.03571428571428571 0.13777777777777778
0 0.45571428571428574 0.6988888888888889 0.037142857142857144 0.14444444444444443
