0 0.06166666666666667 0.46078431372549017 0.12333333333333334 0.7058823529411764
0 0.16666666666666669 0.42401960784313725 0.16666666666666669 0.6029411764705882
0 0.09333333333333334 0.34068627450980393 0.16 0.5735294117647058
0 0.2966666666666667 0.34068627450980393 0.12000000000000001 0.446078431372549
0 0.3616666666666667 0.3480392156862745 0.11666666666666667 0.43137254901960786
0 0.465 0.36519607843137253 0.11666666666666667 0.4362745098039216
0 0.5916666666666667 0.4338235294117647 0.16333333333333333 0.5931372549019608
0 0.9216666666666667 0.3946078431372549 0.15666666666666668 0.6911764705882353
0 0.4133333333333334 0.3431372549019608 0.11333333333333334 0.4019607843137255
0 0.24333333333333335 0.3382352941176471 0.1 0.3627450980392157
