0 0.516 0.4142857142857143 0.116 0.4285714285714286
0 0.5815 0.38947368421052636 0.107 0.3909774436090226
0 0.03 0.362406015037594 0.05 0.18345864661654138
0 0.09 0.3586466165413534 0.052000000000000005 0.19398496240601504
0 0.129 0.35187969924812035 0.054 0.19849624060150378
0 0.3245 0.3323308270676692 0.045 0.16541353383458648
0 0.334 0.3218045112781955 0.042 0.1593984962406015
0 0.374 0.3360902255639098 0.04 0.14887218045112782
0 0.3785 0.3263157894736842 0.039 0.1443609022556391
0 0.423 0.32030075187969925 0.04 0.15037593984962408
0 0.439 0.32255639097744365 0.036000000000000004 0.1368421052631579
0 0.6185 0.27067669172932335 0.023 0.08721804511278196
0 0.677 0.30075187969924816 0.022 0.08421052631578949
0 0.7000000000000001 0.30751879699248125 0.026000000000000002 0.09473684210526316
0 0.7125 0.3105263157894737 0.025 0.09172932330827069
0 0.722 0.30601503759398496 0.024 0.09172932330827069
0 0.746 0.30751879699248125 0.024 0.0887218045112782
0 0.73 0.3030075187969925 0.022 0.08571428571428572
0 0.763 0.3097744360902256 0.024 0.09022556390977444
0 0.7725 0.3090225563909775 0.023 0.08571428571428572
0 0.788 0.3090225563909775 0.024 0.09172932330827069
0 0.7935 0.3022556390977444 0.025 0.0962406015037594
0 0.806 0.30601503759398496 0.022 0.08270676691729324
0 0.8175 0.3105263157894737 0.021 0.08270676691729324
0 0.836 0.3090225563909775 0.022 0.08571428571428572
0 0.861 0.30751879699248125 0.026000000000000002 0.09774436090225565
0 0.874 0.3165413533834587 0.026000000000000002 0.09774436090225565
0 0.897 0.3142857142857143 0.024 0.09323308270676692
