0 0.075 0.7124060150375939 0.075 0.2744360902255639
0 0.19625 0.7105263157894737 0.0725 0.2631578947368421
0 0.31 0.7180451127819548 0.07 0.2556390977443609
0 0.4225 0.7048872180451128 0.075 0.2744360902255639
0 0.48375 0.7011278195488722 0.0775 0.2969924812030075
0 0.56 0.6823308270676691 0.09 0.3270676691729323
0 0.70375 0.68796992481203 0.0925 0.3533834586466165
0 0.805 0.6936090225563909 0.085 0.31954887218045114
0 0.89 0.6672932330827067 0.095 0.34962406015037595
0 0.27875 0.7124060150375939 0.0575 0.22180451127819548
0 0.35375 0.706766917293233 0.0625 0.23308270676691728
0 0.4 0.7011278195488722 0.045 0.17669172932330826
0 0.115 0.7086466165413533 0.045 0.17669172932330826
0 0.15375 0.7086466165413533 0.0475 0.18421052631578946
0 0.63 0.6936090225563909 0.06 0.22932330827067668
