0 0.09916666666666667 0.64 0.13833333333333334 0.4488888888888889
0 0.17833333333333334 0.6344444444444445 0.12666666666666668 0.4111111111111111
0 0.24416666666666667 0.6433333333333333 0.115 0.37555555555555553
0 0.3041666666666667 0.6355555555555555 0.11833333333333335 0.39111111111111113
0 0.35500000000000004 0.62 0.11666666666666667 0.38666666666666666
0 0.4216666666666667 0.6044444444444445 0.11333333333333334 0.3688888888888889
0 0.47250000000000003 0.6111111111111112 0.10833333333333334 0.35555555555555557
0 0.5258333333333334 0.6044444444444445 0.10833333333333334 0.36
0 0.5750000000000001 0.6133333333333333 0.11 0.36444444444444446
0 0.6383333333333334 0.5966666666666667 0.11666666666666667 0.3844444444444444
0 0.7008333333333334 0.6144444444444445 0.11166666666666668 0.36666666666666664
0 0.765 0.6155555555555555 0.11666666666666667 0.38222222222222224
0 0.8258333333333334 0.6144444444444445 0.11166666666666668 0.3711111111111111
0 0.8708333333333333 0.6133333333333333 0.115 0.37777777777777777
0 0.9358333333333334 0.6177777777777778 0.12166666666666667 0.4
