0 0.6960000000000001 0.692 0.132 0.43466666666666665
0 0.916 0.6013333333333333 0.116 0.38666666666666666
0 0.539 0.636 0.106 0.35466666666666663
0 0.41500000000000004 0.612 0.09 0.30133333333333334
0 0.28400000000000003 0.5573333333333333 0.064 0.21333333333333332
0 0.20700000000000002 0.592 0.074 0.25066666666666665
0 0.059000000000000004 0.5693333333333334 0.082 0.2693333333333333
0 0.1 0.5546666666666666 0.084 0.27199999999999996
0 0.161 0.54 0.062 0.21066666666666667
0 0.321 0.524 0.066 0.22133333333333333
0 0.368 0.5426666666666666 0.064 0.216
0 0.443 0.5346666666666666 0.062 0.20533333333333334
0 0.47700000000000004 0.5346666666666666 0.062 0.20533333333333334
0 0.621 0.5546666666666666 0.066 0.21333333333333332
0 0.807 0.5893333333333333 0.09 0.29866666666666664
0 0.875 0.6053333333333333 0.09 0.29866666666666664
0 0.603 0.5453333333333333 0.062 0.20533333333333334
0 0.356 0.524 0.064 0.216
0 0.3 0.5439999999999999 0.064 0.208
0 0.231 0.5453333333333333 0.07 0.23199999999999998
0 0.214 0.5546666666666666 0.068 0.224
0 0.023 0.504 0.046 0.18666666666666665
0 0.782 0.6 0.06 0.20266666666666666
0 0.775 0.5813333333333334 0.066 0.224
