0 0.2 0.7322097378277154 0.145 0.5280898876404494
0 0.0975 0.6348314606741573 0.115 0.4307116104868914
0 0.045 0.6704119850187266 0.09 0.5543071161048689
0 0.33125 0.6797752808988764 0.1575 0.5805243445692884
0 0.46375 0.6666666666666666 0.1525 0.5543071161048689
0 0.3925 0.5655430711610487 0.13 0.4868913857677903
0 0.57375 0.6985018726591761 0.1475 0.550561797752809
0 0.67 0.704119850187266 0.15 0.5543071161048689
0 0.83625 0.6816479400749064 0.1575 0.5842696629213483
0 0.9375 0.550561797752809 0.125 0.47191011235955055
0 0.74375 0.5823970037453183 0.1375 0.5131086142322098
