0 0.7407498766650222 0.5461508248232522 0.22545633941785892 0.8762765121759624
0 0.6682289097187963 0.4774155538098979 0.14898865318204244 0.5785545954438335
0 0.5732609768130242 0.4139827179890024 0.10952146028613716 0.4249803613511391
0 0.43672915638875187 0.5219952867242734 0.18228909718796252 0.7093479968578162
0 0.502096694622595 0.4088766692851532 0.09299457326097682 0.36135113904163396
0 0.34866798223976325 0.4092694422623724 0.12160828811050815 0.47211311861743915
0 0.30340404538727184 0.4907698350353496 0.16477553034040454 0.6398271798900236
0 0.1914158855451406 0.4200706991358995 0.13172175629008387 0.5117831893165751
0 0.05439072520966947 0.4169285153181461 0.10878145041933894 0.4418695993715633
0 0.0982979773063641 0.3676355066771406 0.09940799210656143 0.38570306362922235
0 0.14886531820424273 0.38648860958366066 0.09743463246176616 0.37863315003927733
