0 0.43750000000000006 0.6544444444444445 0.07833333333333334 0.25555555555555554
0 0.5625 0.6388888888888888 0.06166666666666667 0.20222222222222222
0 0.6358333333333334 0.6322222222222222 0.045000000000000005 0.14888888888888888
0 0.7266666666666667 0.6422222222222222 0.05666666666666667 0.18666666666666668
0 0.7608333333333334 0.6177777777777778 0.04833333333333334 0.15555555555555556
0 0.8 0.6133333333333333 0.04 0.1288888888888889
0 0.8216666666666668 0.6155555555555555 0.04 0.1288888888888889
0 0.8391666666666667 0.6155555555555555 0.035 0.11555555555555555
0 0.8575 0.6066666666666667 0.03166666666666667 0.10666666666666666
0 0.8725 0.6066666666666667 0.035 0.11555555555555555
0 0.8875000000000001 0.5966666666666667 0.028333333333333335 0.1
0 0.32583333333333336 0.6266666666666667 0.07500000000000001 0.24888888888888888
0 0.2566666666666667 0.6111111111111112 0.06333333333333334 0.20444444444444446
0 0.4966666666666667 0.6 0.043333333333333335 0.14222222222222222
0 0.4741666666666667 0.5855555555555556 0.04833333333333334 0.15777777777777777
0 0.6058333333333333 0.5711111111111111 0.03166666666666667 0.10222222222222223
0 0.7016666666666667 0.5633333333333334 0.023333333333333334 0.08222222222222222
0 0.6816666666666668 0.56 0.023333333333333334 0.08444444444444445
0 0.0275 0.5288888888888889 0.025 0.08444444444444445
