0 0.17200000000000001 0.636604774535809 0.14 0.4509283819628647
0 0.252 0.6538461538461539 0.136 0.44827586206896547
0 0.332 0.6392572944297082 0.136 0.4403183023872679
0 0.41100000000000003 0.636604774535809 0.138 0.4456233421750663
0 0.495 0.6312997347480106 0.134 0.4350132625994695
0 0.5700000000000001 0.6326259946949602 0.132 0.42705570291777184
0 0.652 0.6392572944297082 0.128 0.41909814323607425
0 0.739 0.6379310344827586 0.134 0.4376657824933687
0 0.8250000000000001 0.6472148541114058 0.138 0.4509283819628647
0 0.965 0.6087533156498673 0.07 0.36339522546419095
0 0.044 0.4442970822281167 0.06 0.2042440318302387
0 0.12 0.4562334217506631 0.06 0.1962864721485411
0 0.022 0.4416445623342175 0.044 0.1989389920424403
