0 0.68 0.6465753424657534 0.1781818181818182 0.6575342465753424
0 0.5763636363636364 0.6452054794520548 0.1709090909090909 0.6328767123287671
0 0.3845454545454545 0.7054794520547946 0.10363636363636364 0.3863013698630137
0 0.5036363636363637 0.6904109589041096 0.10181818181818182 0.3726027397260274
0 0.48 0.6876712328767123 0.09454545454545454 0.3452054794520548
0 0.44272727272727275 0.6821917808219178 0.0890909090909091 0.3287671232876712
0 0.32272727272727275 0.689041095890411 0.09636363636363636 0.35342465753424657
0 0.22454545454545455 0.7109589041095891 0.10727272727272727 0.3917808219178082
0 0.10727272727272727 0.6931506849315069 0.08363636363636363 0.31232876712328766
0 0.25636363636363635 0.684931506849315 0.07636363636363637 0.2904109589041096
