0 0.6179687500000001 0.6510538641686182 0.16718750000000002 0.6135831381733021
0 0.45937500000000003 0.5878220140515222 0.1375 0.5105386416861827
0 0.38046875 0.5608899297423887 0.1265625 0.46604215456674475
0 0.29296875 0.531615925058548 0.11406250000000001 0.4168618266978923
0 0.19375 0.5070257611241218 0.096875 0.3629976580796253
0 0.14921875 0.4953161592505855 0.0890625 0.33021077283372363
0 0.10546875 0.4847775175644028 0.0734375 0.27634660421545665
0 0.039843750000000004 0.47892271662763464 0.0703125 0.25995316159250587
0 0.8625 0.6194379391100703 0.146875 0.5362997658079626
0 0.828125 0.5409836065573771 0.12187500000000001 0.4496487119437939
0 0.659375 0.5749414519906323 0.13125 0.4847775175644028
0 0.5554687500000001 0.5491803278688525 0.11406250000000001 0.41920374707259955
0 0.2328125 0.48243559718969553 0.06875 0.2529274004683841
0 0.728125 0.5070257611241218 0.09062500000000001 0.33021077283372363
0 0.690625 0.5374707259953162 0.096875 0.3629976580796253
0 0.76875 0.468384074941452 0.078125 0.2857142857142857
