0 0.7408163265306124 0.7116564417177914 0.10612244897959185 0.38650306748466257
0 0.8724489795918368 0.7239263803680982 0.09591836734693879 0.3619631901840491
0 0.6795918367346939 0.6901840490797546 0.07755102040816328 0.294478527607362
0 0.5693877551020409 0.7055214723926381 0.11020408163265308 0.4049079754601227
0 0.5306122448979592 0.7177914110429447 0.10612244897959185 0.39877300613496935
0 0.48367346938775513 0.7039877300613497 0.1142857142857143 0.42638036809815955
0 0.3602040816326531 0.7438650306748467 0.1 0.3773006134969325
0 0.2122448979591837 0.7515337423312883 0.10612244897959185 0.38650306748466257
0 0.16632653061224492 0.6901840490797546 0.09591836734693879 0.3619631901840491
0 0.2836734693877551 0.6165644171779141 0.06938775510204082 0.2638036809815951
0 0.41734693877551027 0.7147239263803681 0.10816326530612246 0.39877300613496935
0 0.6448979591836735 0.6119631901840491 0.05714285714285715 0.21779141104294478
0 0.6948979591836736 0.6042944785276074 0.06326530612244899 0.23312883435582823
