0 0.115478515625 0.7746893394375409 0.07568359375 0.24918247220405496
0 0.13232421875 0.5497056899934598 0.0595703125 0.19555264879005888
0 0.164794921875 0.565402223675605 0.04931640625 0.16285153695225638
0 0.376220703125 0.6265533028122957 0.03466796875 0.11510791366906475
0 0.390380859375 0.6432308698495749 0.03759765625 0.1249182472204055
0 0.407958984375 0.6602354480052323 0.04052734375 0.1340745585349902
0 0.423828125 0.6746239372138653 0.041015625 0.1340745585349902
0 0.523681640625 0.8047743623283192 0.08837890625 0.28842380640941795
0 0.543701171875 0.8093525179856116 0.07958984375 0.2596468279921518
0 0.483154296875 0.7272727272727273 0.04248046875 0.13865271419228253
0 0.816650390625 0.8492478744277306 0.09130859375 0.3001962066710268
0 0.700927734375 0.8368214519293656 0.09814453125 0.32112491824722045
0 0.88720703125 0.8629823413996076 0.0830078125 0.27272727272727276
