0 0.361 0.45466666666666666 0.054 0.17866666666666667
0 0.425 0.45599999999999996 0.058 0.192
0 0.392 0.48933333333333334 0.036000000000000004 0.12533333333333332
0 0.41300000000000003 0.496 0.034 0.11733333333333333
0 0.587 0.46266666666666667 0.07 0.2373333333333333
0 0.649 0.4573333333333333 0.05 0.16799999999999998
0 0.867 0.4613333333333333 0.05 0.17066666666666666
0 0.8160000000000001 0.4373333333333333 0.088 0.288
0 0.72 0.45599999999999996 0.076 0.256
0 0.921 0.4613333333333333 0.042 0.144
0 0.537 0.45866666666666667 0.074 0.24
