0 0.07200000000000001 0.4080267558528428 0.048 0.1939799331103679
0 0.683 0.40635451505016723 0.042 0.1705685618729097
0 0.753 0.3812709030100334 0.034 0.1471571906354515
0 0.851 0.4280936454849498 0.058 0.23411371237458192
0 0.9410000000000001 0.37792642140468224 0.05 0.20066889632107024
0 0.042 0.3846153846153846 0.032 0.14046822742474915
0 0.168 0.3210702341137124 0.02 0.08695652173913043
0 0.13 0.36789297658862874 0.036000000000000004 0.1471571906354515
0 0.23700000000000002 0.32441471571906355 0.026000000000000002 0.10702341137123746
0 0.252 0.32608695652173914 0.024 0.09698996655518395
0 0.555 0.31438127090301005 0.03 0.12709030100334448
0 0.109 0.31605351170568563 0.018000000000000002 0.07692307692307693
