0 0.547 0.6493333333333333 0.066 0.22133333333333333
0 0.596 0.6346666666666666 0.056 0.192
0 0.664 0.64 0.052000000000000005 0.17066666666666666
0 0.734 0.652 0.06 0.19466666666666665
0 0.784 0.6466666666666666 0.056 0.18933333333333333
0 0.8180000000000001 0.64 0.052000000000000005 0.176
0 0.843 0.636 0.05 0.16266666666666665
0 0.631 0.6293333333333333 0.05 0.16533333333333333
0 0.532 0.6426666666666666 0.06 0.20266666666666666
0 0.494 0.6306666666666666 0.052000000000000005 0.17333333333333334
0 0.424 0.6346666666666666 0.052000000000000005 0.176
0 0.37 0.6373333333333333 0.056 0.192
0 0.316 0.628 0.052000000000000005 0.17866666666666667
0 0.255 0.6173333333333333 0.05 0.16266666666666665
0 0.20800000000000002 0.6346666666666666 0.052000000000000005 0.176
0 0.132 0.6253333333333333 0.052000000000000005 0.17866666666666667
0 0.095 0.6213333333333333 0.05 0.16533333333333333
