0 0.06454545454545454 0.5140845070422535 0.11090909090909092 0.7089201877934272
0 0.15818181818181817 0.4906103286384977 0.11272727272727273 0.727699530516432
0 0.23545454545454544 0.5140845070422535 0.11090909090909092 0.7089201877934272
0 0.32545454545454544 0.4812206572769953 0.12 0.755868544600939
0 0.3981818181818182 0.5328638497652582 0.10909090909090909 0.6901408450704225
0 0.46636363636363637 0.5328638497652582 0.11090909090909092 0.7089201877934272
0 0.5390909090909091 0.5023474178403756 0.11818181818181818 0.7511737089201878
0 0.6227272727272727 0.5375586854460094 0.11090909090909092 0.6995305164319249
0 0.7372727272727273 0.5258215962441315 0.11818181818181818 0.7417840375586855
0 0.8363636363636363 0.5422535211267606 0.11272727272727273 0.727699530516432
0 0.9327272727272727 0.5328638497652582 0.11636363636363636 0.7370892018779343
0 0.6790909090909091 0.38967136150234744 0.045454545454545456 0.3004694835680751
