0 0.08875 0.470856102003643 0.1075 0.3806921675774135
0 0.28250000000000003 0.5391621129326047 0.0925 0.331511839708561
0 0.595625 0.5828779599271403 0.08375 0.2987249544626594
0 0.626875 0.49635701275045535 0.06625 0.24225865209471767
0 0.6725 0.5091074681238615 0.07 0.2495446265938069
0 0.8125 0.5418943533697632 0.08750000000000001 0.3151183970856102
0 0.8475 0.5655737704918032 0.085 0.30418943533697634
0 0.235625 0.4471766848816029 0.05625 0.20218579234972678
0 0.340625 0.4444444444444444 0.04875 0.17486338797814208
0 0.90125 0.4426229508196721 0.0275 0.10200364298724954
0 0.884375 0.44626593806921677 0.02375 0.09107468123861566
0 0.5700000000000001 0.43169398907103823 0.0375 0.1384335154826958
0 0.424375 0.4371584699453552 0.04625 0.17122040072859745
0 0.764375 0.42896174863387976 0.02625 0.09289617486338798
