0 0.12783333333333333 0.52975 0.048999999999999995 0.1795
0 0.20575 0.517375 0.041166666666666664 0.15075
0 0.255 0.53075 0.050333333333333334 0.1845
0 0.2683333333333333 0.50825 0.035333333333333335 0.13
0 0.30583333333333335 0.498875 0.033666666666666664 0.12375
0 0.321 0.51775 0.043333333333333335 0.1585
0 0.36166666666666664 0.59225 0.08633333333333333 0.3165
0 0.39766666666666667 0.533 0.052 0.19
0 0.4385833333333333 0.517375 0.042833333333333334 0.15725
0 0.46791666666666665 0.5085000000000001 0.0355 0.1305
0 0.48366666666666663 0.501875 0.03233333333333333 0.11925000000000001
0 0.50025 0.495375 0.029833333333333333 0.10975
0 0.42291666666666666 0.49362500000000004 0.03083333333333333 0.11375
0 0.5745 0.5385 0.051333333333333335 0.188
0 0.5852499999999999 0.52025 0.0435 0.16
0 0.5970833333333333 0.510625 0.03716666666666667 0.13675
0 0.60275 0.50225 0.0335 0.1225
0 0.7609166666666667 0.535375 0.0525 0.19275
0 0.736 0.52 0.045 0.165
0 0.7175 0.509375 0.03666666666666667 0.13475
0 0.7042499999999999 0.5025000000000001 0.0325 0.11950000000000001
0 0.6950833333333333 0.496125 0.03083333333333333 0.11325
0 0.8065833333333333 0.510625 0.036166666666666666 0.13225
0 0.7938333333333333 0.500625 0.033666666666666664 0.12325
0 0.7815 0.4955 0.030666666666666665 0.112
0 0.8466666666666667 0.52125 0.04433333333333333 0.1625
0 0.8937499999999999 0.536125 0.0525 0.19225
