0 0.15272727272727274 0.7352941176470589 0.06909090909090909 0.3217993079584775
0 0.2081818181818182 0.7179930795847751 0.06727272727272728 0.3217993079584775
0 0.2581818181818182 0.6920415224913495 0.07272727272727272 0.34602076124567477
0 0.2681818181818182 0.7093425605536332 0.05272727272727273 0.24913494809688583
0 0.30636363636363634 0.6972318339100346 0.06363636363636363 0.30103806228373703
0 0.36636363636363634 0.7041522491349481 0.06363636363636363 0.29411764705882354
0 0.44 0.7041522491349481 0.05454545454545454 0.2664359861591696
0 0.4772727272727273 0.6903114186851211 0.05272727272727273 0.25259515570934254
0 0.5363636363636364 0.6920415224913495 0.05818181818181818 0.2768166089965398
0 0.5636363636363636 0.6712802768166091 0.06181818181818182 0.2975778546712803
0 0.6218181818181818 0.6816608996539792 0.05818181818181818 0.2768166089965398
0 0.6590909090909091 0.6955017301038062 0.06 0.2768166089965398
0 0.7318181818181818 0.6885813148788927 0.06 0.2837370242214533
0 0.7863636363636364 0.6833910034602076 0.06 0.28027681660899656
0 0.93 0.6868512110726643 0.07454545454545454 0.3494809688581315
0 0.8336363636363636 0.698961937716263 0.06727272727272728 0.31141868512110726
0 0.8881818181818182 0.7214532871972319 0.06363636363636363 0.29411764705882354
