0 0.12166666666666667 0.6012500000000001 0.11 0.4025
0 0.09250000000000001 0.62375 0.07833333333333334 0.2925
0 0.24250000000000002 0.735 0.10166666666666667 0.375
0 0.32666666666666666 0.65125 0.13 0.47750000000000004
0 0.21000000000000002 0.63625 0.11 0.40750000000000003
0 0.7191666666666667 0.6075 0.14833333333333334 0.55
0 0.7791666666666667 0.49 0.10166666666666667 0.37
0 0.8725 0.49375 0.095 0.3525
0 0.9225000000000001 0.44375000000000003 0.07833333333333334 0.28750000000000003
0 0.9783333333333334 0.405 0.04 0.155
0 0.9433333333333334 0.41125 0.05666666666666667 0.2125
0 0.3791666666666667 0.45875 0.035 0.1275
0 0.2525 0.56125 0.06166666666666667 0.2275
0 0.42250000000000004 0.4625 0.035 0.13
0 0.4425 0.45125 0.035 0.1275
0 0.3566666666666667 0.43 0.04 0.155
0 0.8191666666666667 0.455 0.07166666666666667 0.265
0 0.8250000000000001 0.50875 0.06333333333333334 0.23750000000000002
0 0.9808333333333334 0.365 0.03833333333333334 0.17
