0 0.2109090909090909 0.4973333333333333 0.11272727272727273 0.4026666666666667
0 0.4018181818181818 0.4746666666666666 0.09818181818181818 0.35733333333333334
0 0.4627272727272727 0.524 0.12181818181818181 0.43466666666666665
0 0.59 0.45466666666666666 0.08181818181818182 0.30133333333333334
0 0.6681818181818182 0.48933333333333334 0.10727272727272727 0.3813333333333333
0 0.7872727272727272 0.5573333333333333 0.12727272727272726 0.45866666666666667
0 0.8945454545454545 0.5133333333333333 0.10545454545454545 0.376
0 0.042727272727272725 0.4026666666666667 0.06727272727272728 0.24533333333333332
0 0.08727272727272728 0.43866666666666665 0.05090909090909091 0.184
0 0.1190909090909091 0.432 0.04909090909090909 0.18133333333333332
0 0.1618181818181818 0.42666666666666664 0.04727272727272727 0.176
0 0.14454545454545453 0.408 0.056363636363636366 0.208
0 0.3054545454545455 0.4106666666666667 0.05818181818181818 0.208
0 0.3336363636363636 0.4053333333333333 0.045454545454545456 0.16533333333333333
0 0.36636363636363634 0.39999999999999997 0.04909090909090909 0.176
0 0.54 0.4333333333333333 0.04 0.14133333333333334
