0 0.07083333333333333 0.5586206896551724 0.07833333333333334 0.26206896551724135
0 0.028333333333333335 0.5275862068965517 0.05666666666666667 0.20459770114942527
0 0.13583333333333333 0.5804597701149425 0.10166666666666667 0.3425287356321839
0 0.1716666666666667 0.5298850574712644 0.05666666666666667 0.19080459770114944
0 0.2575 0.5505747126436782 0.08166666666666667 0.2827586206896552
0 0.225 0.48735632183908045 0.04666666666666667 0.16551724137931034
0 0.3116666666666667 0.532183908045977 0.060000000000000005 0.2
0 0.385 0.5954022988505747 0.1 0.34022988505747126
0 0.4441666666666667 0.5482758620689655 0.085 0.29195402298850576
0 0.4591666666666667 0.5218390804597701 0.065 0.2206896551724138
0 0.35000000000000003 0.5091954022988505 0.05666666666666667 0.1954022988505747
0 0.4791666666666667 0.49195402298850577 0.055 0.19310344827586207
0 0.5258333333333334 0.46206896551724136 0.05166666666666667 0.17471264367816092
0 0.49583333333333335 0.45057471264367815 0.03166666666666667 0.11494252873563218
0 0.5466666666666667 0.4471264367816092 0.03666666666666667 0.13103448275862067
0 0.6733333333333333 0.6126436781609196 0.14333333333333334 0.4804597701149425
0 0.625 0.5908045977011495 0.10333333333333335 0.34942528735632183
0 0.7658333333333334 0.4954022988505747 0.06833333333333334 0.232183908045977
0 0.8283333333333334 0.5275862068965517 0.08333333333333334 0.2827586206896552
0 0.905 0.5528735632183908 0.09666666666666668 0.3333333333333333
0 0.9683333333333334 0.4839080459770115 0.06333333333333334 0.22758620689655173
0 0.9475 0.4666666666666667 0.055 0.18850574712643678
0 0.5650000000000001 0.4298850574712644 0.030000000000000002 0.10114942528735632
0 0.5583333333333333 0.3632183908045977 0.016666666666666666 0.05517241379310345
0 0.8600000000000001 0.4275862068965517 0.03333333333333333 0.11954022988505747
