0 0.08545454545454545 0.7153518123667377 0.15272727272727274 0.4371002132196162
0 0.1709090909090909 0.7217484008528785 0.13818181818181818 0.40298507462686567
0 0.23727272727272727 0.720682302771855 0.13636363636363635 0.39658848614072495
0 0.30454545454545456 0.7164179104477612 0.14 0.4051172707889126
0 0.3690909090909091 0.7068230277185501 0.14181818181818182 0.4072494669509595
0 0.44727272727272727 0.708955223880597 0.13818181818181818 0.39445628997867804
0 0.5372727272727272 0.7228144989339019 0.13272727272727272 0.3837953091684435
0 0.6209090909090909 0.7164179104477612 0.13636363636363635 0.39232409381663114
0 0.71 0.708955223880597 0.13272727272727272 0.3816631130063966
0 0.7918181818181819 0.7132196162046908 0.13272727272727272 0.3859275053304904
0 0.6509090909090909 0.6375266524520256 0.11636363636363636 0.3326226012793177
