0 0.16 0.6303939962476548 0.0525 0.19136960600375236
0 0.148125 0.6332082551594747 0.04625 0.17448405253283303
0 0.136875 0.6350844277673546 0.04625 0.17448405253283303
0 0.21625 0.6360225140712945 0.0575 0.2176360225140713
0 0.2475 0.649155722326454 0.055 0.20637898686679174
0 0.2775 0.6313320825515948 0.045 0.16322701688555347
0 0.305625 0.6360225140712945 0.043750000000000004 0.1651031894934334
0 0.32875 0.6454033771106942 0.0475 0.1726078799249531
0 0.34750000000000003 0.6425891181988743 0.045 0.17073170731707318
0 0.390625 0.650093808630394 0.04125 0.15572232645403378
0 0.43062500000000004 0.650093808630394 0.03875 0.14821763602251406
0 0.405 0.6332082551594747 0.045 0.16322701688555347
0 0.47125 0.6341463414634146 0.0575 0.21388367729831145
0 0.50375 0.6313320825515948 0.04 0.15196998123827393
0 0.5275 0.625703564727955 0.0375 0.14071294559099437
0 0.556875 0.6191369606003753 0.03625 0.1350844277673546
0 0.574375 0.6181988742964353 0.03625 0.13320825515947468
0 0.58875 0.624765478424015 0.035 0.1350844277673546
0 0.60875 0.6163227016885553 0.035 0.1294559099437148
0 0.625 0.6135084427767354 0.0325 0.12382739212007504
0 0.6481250000000001 0.6088180112570356 0.03375 0.12195121951219512
0 0.669375 0.6097560975609756 0.03125 0.11632270168855535
0 0.6825 0.6013133208255159 0.03 0.11069418386491557
0 0.705 0.6125703564727955 0.0325 0.12195121951219512
0 0.820625 0.5881801125703565 0.02625 0.09943714821763602
0 0.715 0.5290806754221389 0.015 0.05628517823639775
0 0.7262500000000001 0.5938086303939962 0.0225 0.08067542213883677
0 0.744375 0.5947467166979362 0.01875 0.075046904315197
0 0.7575000000000001 0.5975609756097561 0.02 0.07692307692307693
0 0.776875 0.5928705440900562 0.01875 0.075046904315197
0 0.79625 0.5909943714821764 0.02 0.075046904315197
0 0.83625 0.5844277673545967 0.02 0.07317073170731707
0 0.845 0.5844277673545967 0.0175 0.06566604127579738
0 0.85375 0.5834896810506567 0.0175 0.06378986866791744
0 0.859375 0.5787992495309568 0.01625 0.06191369606003752
0 0.870625 0.575984990619137 0.01875 0.07129455909943715
