0 0.25510204081632654 0.7138964577656676 0.163265306122449 0.5340599455040872
0 0.48775510204081635 0.6444141689373297 0.13877551020408163 0.4604904632152588
0 0.6653061224489797 0.6171662125340599 0.11020408163265308 0.3569482288828338
0 0.7867346938775511 0.7125340599455041 0.1653061224489796 0.5422343324250681
0 0.8867346938775511 0.6198910081743869 0.09591836734693879 0.31335149863760214
0 0.5418367346938776 0.5149863760217983 0.0673469387755102 0.22888283378746593
0 0.403061224489796 0.6185286103542235 0.10816326530612246 0.3542234332425068
0 0.1806122448979592 0.608991825613079 0.11224489795918369 0.3732970027247956
0 0.031632653061224494 0.5912806539509536 0.06326530612244899 0.33787465940054495
0 0.08673469387755103 0.5190735694822888 0.03877551020408164 0.1335149863760218
0 0.11734693877551021 0.5095367847411444 0.03877551020408164 0.12534059945504086
0 0.3091836734693878 0.5940054495912807 0.07551020408163266 0.24523160762942778
0 0.3591836734693878 0.49591280653950953 0.05714285714285715 0.19073569482288827
0 0.5551020408163265 0.497275204359673 0.05714285714285715 0.1880108991825613
0 0.5704081632653062 0.4891008174386921 0.05510204081632654 0.18256130790190736
0 0.9448979591836736 0.494550408719346 0.05714285714285715 0.1880108991825613
0 0.9704081632653062 0.494550408719346 0.05918367346938776 0.19346049046321526
0 0.45612244897959187 0.5912806539509536 0.0836734693877551 0.2724795640326975
