0 0.05 0.7260383386581469 0.0775 0.24440894568690094
0 0.100625 0.7468051118210862 0.10375000000000001 0.3242811501597444
0 0.021875000000000002 0.7787539936102236 0.043750000000000004 0.2571884984025559
0 0.185625 0.7587859424920127 0.09375 0.2939297124600639
0 0.26375 0.7603833865814696 0.09 0.28434504792332266
0 0.441875 0.7843450479233226 0.07875 0.24920127795527156
0 0.525625 0.773961661341853 0.08875 0.27955271565495204
0 0.625 0.7699680511182109 0.08750000000000001 0.2779552715654952
0 0.70625 0.7747603833865815 0.085 0.26517571884984026
0 0.801875 0.7571884984025559 0.09625 0.3003194888178914
0 0.935625 0.7507987220447284 0.10125 0.31629392971246006
0 0.90125 0.7452076677316294 0.09 0.27955271565495204
0 0.31375000000000003 0.7460063897763578 0.08750000000000001 0.2747603833865815
0 0.364375 0.7723642172523961 0.08875 0.27955271565495204
0 0.97 0.7507987220447284 0.06 0.2971246006389776
