0 0.04710144927536232 0.6902071563088512 0.05652173913043478 0.17890772128060262
0 0.1398550724637681 0.6958568738229755 0.059420289855072465 0.1902071563088512
0 0.1072463768115942 0.6619585687382298 0.043478260869565216 0.14124293785310735
0 0.07028985507246377 0.6591337099811676 0.04782608695652174 0.15065913370998116
0 0.31231884057971016 0.6563088512241054 0.0391304347826087 0.1224105461393597
0 0.3739130434782609 0.64030131826742 0.028985507246376812 0.09792843691148775
0 0.35144927536231885 0.6534839924670433 0.021739130434782608 0.07532956685499058
0 0.4449275362318841 0.7165725047080979 0.07246376811594203 0.2278719397363465
0 0.6507246376811594 0.7146892655367232 0.03768115942028986 0.1224105461393597
0 0.6797101449275362 0.6902071563088512 0.05507246376811594 0.1751412429378531
0 0.7195652173913043 0.7080979284369114 0.06811594202898551 0.2222222222222222
0 0.7579710144927536 0.6563088512241054 0.0463768115942029 0.15254237288135591
0 0.8942028985507247 0.7175141242937852 0.07536231884057971 0.24105461393596986
0 0.9492753623188406 0.7730696798493408 0.10144927536231885 0.3258003766478343
0 0.8152173913043478 0.6384180790960452 0.03333333333333333 0.10922787193973635
0 0.23623188405797102 0.6092278719397364 0.02318840579710145 0.07721280602636535
0 0.26014492753623186 0.6177024482109228 0.01884057971014493 0.060263653483992465
0 0.2739130434782609 0.6139359698681732 0.020289855072463767 0.07156308851224105
0 0.20942028985507247 0.5941619585687382 0.015942028985507246 0.05084745762711864
0 0.2 0.596045197740113 0.014492753623188406 0.05084745762711864
0 0.32753623188405795 0.5979284369114878 0.017391304347826087 0.054613935969868174
0 0.33695652173913043 0.596045197740113 0.015942028985507246 0.05084745762711864
0 0.3884057971014493 0.6007532956685498 0.017391304347826087 0.060263653483992465
0 0.4072463768115942 0.596045197740113 0.014492753623188406 0.05084745762711864
