0 0.16886543535620052 0.8154761904761905 0.07387862796833773 0.28174603174603174
0 0.025065963060686015 0.625 0.05013192612137203 0.23412698412698413
0 0.06200527704485488 0.5734126984126984 0.055408970976253295 0.2103174603174603
0 0.10422163588390501 0.5079365079365079 0.05013192612137203 0.18253968253968253
0 0.05013192612137203 0.38095238095238093 0.04221635883905013 0.15873015873015872
0 0.15699208443271767 0.47619047619047616 0.05013192612137203 0.1984126984126984
0 0.18073878627968337 0.6706349206349206 0.055408970976253295 0.20634920634920634
0 0.2889182058047493 0.8412698412698412 0.06596306068601583 0.25396825396825395
0 0.23614775725593667 0.6587301587301587 0.06068601583113456 0.23015873015873015
0 0.20316622691292877 0.6190476190476191 0.05277044854881266 0.1984126984126984
0 0.19788918205804748 0.3611111111111111 0.036939313984168866 0.15079365079365079
0 0.5026385224274407 0.7698412698412698 0.07124010554089709 0.26190476190476186
0 0.4023746701846966 0.6547619047619048 0.06068601583113456 0.2222222222222222
0 0.4287598944591029 0.615079365079365 0.055408970976253295 0.21428571428571427
0 0.3627968337730871 0.6845238095238095 0.055408970976253295 0.21825396825396826
0 0.34828496042216356 0.7142857142857142 0.05804749340369393 0.2222222222222222
0 0.7058047493403694 0.7341269841269841 0.06596306068601583 0.25396825396825395
0 0.6741424802110818 0.7023809523809523 0.06068601583113456 0.2222222222222222
0 0.600263852242744 0.7242063492063492 0.06068601583113456 0.22619047619047616
0 0.5725593667546174 0.7956349206349206 0.0633245382585752 0.24206349206349204
0 0.7823218997361477 0.736111111111111 0.06596306068601583 0.25
0 0.7664907651715039 0.5694444444444444 0.05013192612137203 0.1865079365079365
0 0.2678100263852243 0.248015873015873 0.03430079155672823 0.13095238095238093
0 0.24406332453825857 0.5753968253968254 0.05013192612137203 0.1984126984126984
0 0.5369393139841688 0.19246031746031744 0.029023746701846966 0.11507936507936507
0 0.9577836411609498 0.30952380952380953 0.036939313984168866 0.1349206349206349
0 0.8997361477572559 0.3134920634920635 0.036939313984168866 0.14285714285714285
0 0.8720316622691292 0.30952380952380953 0.039577836411609495 0.15079365079365079
0 0.7968337730870713 0.2837301587301587 0.036939313984168866 0.1388888888888889
0 0.8324538258575198 0.6607142857142857 0.06596306068601583 0.24206349206349204
0 0.9841688654353562 0.376984126984127 0.0316622691292876 0.15079365079365079
0 0.9617414248021108 0.5396825396825397 0.044854881266490766 0.16666666666666666
0 0.8034300791556728 0.5396825396825397 0.05013192612137203 0.1984126984126984
0 0.4696569920844327 0.6051587301587301 0.0633245382585752 0.24206349206349204
0 0.48812664907651715 0.6964285714285714 0.0633245382585752 0.23412698412698413
0 0.5184696569920844 0.5396825396825397 0.05013192612137203 0.1984126984126984
0 0.5606860158311345 0.6011904761904762 0.06596306068601583 0.24206349206349204
0 0.8311345646437994 0.40277777777777773 0.036939313984168866 0.1468253968253968
0 0.5936675461741424 0.31746031746031744 0.036939313984168866 0.14285714285714285
