0 0.03188775510204082 0.8160919540229885 0.06377551020408163 0.32950191570881227
0 0.21045918367346936 0.764367816091954 0.08418367346938775 0.318007662835249
0 0.07397959183673469 0.49808429118773945 0.0510204081632653 0.19923371647509577
0 0.12627551020408162 0.4616858237547892 0.04336734693877551 0.17241379310344826
0 0.1798469387755102 0.4444444444444444 0.038265306122448974 0.13793103448275862
0 0.4451530612244898 0.4904214559386973 0.04336734693877551 0.16858237547892718
0 0.4119897959183673 0.4674329501915709 0.04846938775510204 0.17624521072796934
0 0.707908163265306 0.5862068965517241 0.0586734693877551 0.21455938697318006
0 0.8584183673469387 0.660919540229885 0.06887755102040816 0.26436781609195403
0 0.6288265306122448 0.5 0.04846938775510204 0.18007662835249041
0 0.5752551020408163 0.47701149425287354 0.04336734693877551 0.16475095785440613
0 0.25637755102040816 0.43678160919540227 0.038265306122448974 0.13793103448275862
0 0.2423469387755102 0.4233716475095785 0.03571428571428571 0.13409961685823754
0 0.22959183673469385 0.4061302681992337 0.030612244897959183 0.11494252873563218
0 0.21301020408163263 0.3946360153256705 0.028061224489795915 0.11494252873563218
0 0.16709183673469385 0.4272030651340996 0.033163265306122444 0.13409961685823754
0 0.15178571428571427 0.4118773946360153 0.033163265306122444 0.1264367816091954
0 0.13903061224489796 0.396551724137931 0.033163265306122444 0.1264367816091954
0 0.1096938775510204 0.4444444444444444 0.03571428571428571 0.14559386973180075
0 0.09183673469387754 0.4272030651340996 0.04081632653061224 0.14942528735632182
0 0.03188775510204082 0.36015325670498083 0.028061224489795915 0.11494252873563218
0 0.04336734693877551 0.37164750957854403 0.02551020408163265 0.09961685823754789
0 0.05612244897959183 0.3888888888888889 0.030612244897959183 0.1111111111111111
0 0.07142857142857142 0.4061302681992337 0.030612244897959183 0.12260536398467432
0 0.33035714285714285 0.4329501915708812 0.038265306122448974 0.13793103448275862
0 0.3137755102040816 0.41570881226053635 0.030612244897959183 0.1264367816091954
0 0.3022959183673469 0.40804597701149425 0.033163265306122444 0.1264367816091954
0 0.2818877551020408 0.396551724137931 0.033163265306122444 0.11877394636015325
0 0.3877551020408163 0.41954022988505746 0.03571428571428571 0.13409961685823754
0 0.3724489795918367 0.40421455938697315 0.03571428571428571 0.13409961685823754
0 0.35459183673469385 0.3908045977011494 0.030612244897959183 0.12260536398467432
0 0.4744897959183673 0.4233716475095785 0.04081632653061224 0.15708812260536398
0 0.5025510204081632 0.40996168582375475 0.030612244897959183 0.12260536398467432
0 0.5293367346938775 0.4176245210727969 0.033163265306122444 0.13026819923371646
0 0.5573979591836734 0.41954022988505746 0.038265306122448974 0.14942528735632182
0 0.6135204081632653 0.421455938697318 0.033163265306122444 0.13026819923371646
0 0.596938775510204 0.41379310344827586 0.03571428571428571 0.13793103448275862
0 0.6556122448979591 0.41379310344827586 0.03571428571428571 0.13793103448275862
0 0.6875 0.43103448275862066 0.038265306122448974 0.14942528735632182
0 0.7028061224489796 0.4348659003831417 0.038265306122448974 0.1417624521072797
