0 0.13333333333333333 0.5705329153605015 0.13333333333333333 0.46394984326018807
0 0.26666666666666666 0.5924764890282131 0.1511111111111111 0.5266457680250783
0 0.34444444444444444 0.5391849529780564 0.13333333333333333 0.45768025078369906
0 0.6244444444444445 0.6598746081504702 0.1688888888888889 0.5862068965517241
0 0.6166666666666667 0.5517241379310345 0.14888888888888888 0.5141065830721003
0 0.8422222222222222 0.4890282131661442 0.10222222222222223 0.36363636363636365
0 0.7744444444444445 0.390282131661442 0.07777777777777778 0.2727272727272727
0 0.47333333333333333 0.36520376175548586 0.06666666666666667 0.23510971786833854
0 0.23666666666666666 0.3934169278996865 0.06 0.21630094043887146
0 0.2011111111111111 0.3620689655172414 0.06444444444444444 0.22884012539184953
0 0.5344444444444444 0.43573667711598746 0.08222222222222222 0.2884012539184953
0 0.45111111111111113 0.2664576802507837 0.07555555555555556 0.26332288401253917
0 0.028888888888888888 0.2884012539184953 0.057777777777777775 0.3072100313479624
0 0.04555555555555556 0.2852664576802508 0.07333333333333333 0.26332288401253917
0 0.09555555555555556 0.47021943573667707 0.09777777777777778 0.3448275862068965
0 0.17777777777777778 0.27586206896551724 0.09333333333333334 0.3322884012539185
0 0.31222222222222223 0.29780564263322884 0.06 0.20689655172413793
0 0.3655555555555556 0.27899686520376177 0.06 0.21316614420062696
0 0.4122222222222222 0.30094043887147337 0.06 0.21316614420062696
0 0.11777777777777777 0.24608150470219434 0.07555555555555556 0.2664576802507837
