0 0.7836185819070904 0.5566666666666668 0.07579462102689487 0.12833333333333335
0 0.8979217603911981 0.5654166666666667 0.08679706601466992 0.14583333333333334
0 0.6821515892420538 0.4716666666666667 0.0488997555012225 0.08333333333333334
0 0.621638141809291 0.5108333333333334 0.05012224938875306 0.08333333333333334
0 0.5275061124694377 0.5008333333333334 0.06234718826405868 0.10333333333333335
0 0.5580684596577017 0.5041666666666667 0.05256723716381418 0.09000000000000001
0 0.4132029339853301 0.4779166666666667 0.0488997555012225 0.08416666666666667
0 0.3930317848410758 0.4783333333333334 0.042787286063569685 0.07166666666666667
0 0.3740831295843521 0.48625 0.03178484107579462 0.052500000000000005
0 0.08863080684596578 0.45375000000000004 0.03300733496332518 0.05583333333333334
0 0.71760391198044 0.4391666666666667 0.034229828850855744 0.058333333333333334
0 0.8105134474327629 0.42625 0.02444987775061125 0.04083333333333333
0 0.863080684596577 0.41125 0.022004889975550123 0.037500000000000006
0 0.9180929095354523 0.4141666666666667 0.02444987775061125 0.04166666666666667
0 0.8850855745721271 0.4154166666666667 0.022004889975550123 0.035833333333333335
0 0.49083129584352075 0.4783333333333334 0.05012224938875306 0.08333333333333334
0 0.4706601466992665 0.45875000000000005 0.04156479217603912 0.06916666666666667
0 0.029951100244498777 0.4475 0.030562347188264057 0.05166666666666667
0 0.01589242053789731 0.44083333333333335 0.029339853300733496 0.04833333333333334
0 0.30378973105134477 0.43750000000000006 0.028117359413202935 0.04666666666666667
0 0.32946210268948656 0.4516666666666667 0.040342298288508556 0.06666666666666667
0 0.34474327628361856 0.4479166666666667 0.03667481662591687 0.0625
0 0.43276283618581907 0.4525 0.034229828850855744 0.05666666666666667
0 0.6919315403422983 0.44625000000000004 0.03667481662591687 0.060833333333333336
0 0.37713936430317846 0.4425 0.018337408312958436 0.030000000000000002
0 0.3960880195599022 0.43833333333333335 0.014669926650366748 0.02666666666666667
0 0.6558679706601467 0.43375 0.018337408312958436 0.030833333333333334
0 0.6656479217603912 0.4291666666666667 0.011002444987775062 0.02
0 0.5880195599022005 0.42375 0.022004889975550123 0.037500000000000006
