0 0.0425531914893617 0.6751760563380281 0.031914893617021274 0.13204225352112675
0 0.15638297872340426 0.7165492957746479 0.027659574468085108 0.11619718309859155
0 0.19680851063829788 0.6117957746478874 0.01702127659574468 0.06866197183098592
0 0.23191489361702128 0.8573943661971831 0.029787234042553193 0.1267605633802817
0 0.424468085106383 0.6628521126760564 0.02127659574468085 0.0897887323943662
0 0.824468085106383 0.6346830985915493 0.02127659574468085 0.0897887323943662
0 0.7829787234042553 0.6302816901408451 0.02127659574468085 0.09154929577464789
0 0.9345744680851064 0.6338028169014085 0.02872340425531915 0.11971830985915494
0 0.5569148936170213 0.636443661971831 0.018085106382978725 0.0721830985915493
0 0.5936170212765958 0.6302816901408451 0.010638297872340425 0.045774647887323945
