0 0.073 0.6733333333333333 0.082 0.27466666666666667
0 0.127 0.6853333333333333 0.078 0.256
0 0.17500000000000002 0.6706666666666666 0.07 0.2373333333333333
0 0.215 0.6666666666666666 0.07 0.23466666666666666
0 0.263 0.66 0.066 0.216
0 0.295 0.6546666666666666 0.062 0.20533333333333334
0 0.329 0.6493333333333333 0.058 0.18933333333333333
0 0.365 0.648 0.054 0.18133333333333332
0 0.391 0.6413333333333333 0.054 0.17333333333333334
0 0.418 0.6453333333333333 0.056 0.18133333333333332
0 0.45 0.648 0.056 0.18666666666666665
0 0.49 0.652 0.056 0.184
0 0.513 0.644 0.058 0.18933333333333333
0 0.54 0.6453333333333333 0.06 0.19733333333333333
0 0.5680000000000001 0.648 0.064 0.208
0 0.602 0.648 0.056 0.192
0 0.624 0.6546666666666666 0.056 0.18933333333333333
0 0.642 0.652 0.06 0.19999999999999998
0 0.668 0.6493333333333333 0.06 0.20533333333333334
0 0.707 0.6573333333333333 0.058 0.19466666666666665
0 0.754 0.6533333333333333 0.064 0.208
0 0.723 0.6493333333333333 0.066 0.216
0 0.788 0.6639999999999999 0.06 0.20266666666666666
0 0.8320000000000001 0.6626666666666666 0.064 0.216
0 0.856 0.6639999999999999 0.07200000000000001 0.23466666666666666
0 0.874 0.6759999999999999 0.068 0.22666666666666666
0 0.893 0.6813333333333333 0.074 0.24266666666666667
0 0.935 0.6719999999999999 0.082 0.27199999999999996
