0 0.17825 0.8482008995502248 0.0805 0.29610194902548725
0 0.225 0.8478260869565217 0.082 0.30134932533733133
0 0.27325 0.8455772113943029 0.0825 0.3043478260869565
0 0.32425 0.8493253373313343 0.0805 0.29535232383808097
0 0.3695 0.8444527736131934 0.085 0.3110944527736132
0 0.41025 0.8564467766116941 0.0765 0.2826086956521739
0 0.454 0.841079460269865 0.082 0.29985007496251875
0 0.50025 0.8508245877061469 0.0805 0.29535232383808097
0 0.5445 0.8429535232383808 0.084 0.308095952023988
0 0.595 0.8478260869565217 0.082 0.29985007496251875
0 0.647 0.8470764617691154 0.082 0.30134932533733133
0 0.68475 0.845952023988006 0.0815 0.2991004497751124
0 0.7335 0.8467016491754122 0.082 0.3020989505247376
0 0.78075 0.848575712143928 0.0805 0.29685157421289354
0 0.8215 0.8526986506746627 0.08 0.29310344827586204
