0 0.2018018018018018 0.6940700808625337 0.16576576576576577 0.6118598382749326
0 0.4 0.6684636118598383 0.17297297297297298 0.6361185983827493
0 0.6207207207207207 0.6199460916442049 0.2 0.738544474393531
0 0.8531531531531532 0.6388140161725068 0.1891891891891892 0.6900269541778976
0 0.03423423423423423 0.5822102425876011 0.06846846846846846 0.41509433962264153
0 0.10990990990990991 0.6293800539083558 0.14054054054054055 0.5148247978436657
0 0.05945945945945946 0.5849056603773585 0.09009009009009009 0.33423180592991913
0 0.26576576576576577 0.5835579514824798 0.09549549549549549 0.353099730458221
0 0.3324324324324324 0.6037735849056605 0.09549549549549549 0.3557951482479785
0 0.4486486486486487 0.5862533692722373 0.11891891891891893 0.4393530997304582
0 0.527927927927928 0.6199460916442049 0.11531531531531532 0.4258760107816712
