0 0.9333333333333333 0.5358056265984655 0.12000000000000001 0.45268542199488493
0 0.8583333333333334 0.5383631713554987 0.11333333333333334 0.432225063938619
0 0.78 0.5242966751918159 0.11333333333333334 0.4296675191815857
0 0.7425 0.5319693094629157 0.10833333333333334 0.4143222506393862
0 0.6908333333333334 0.5294117647058824 0.115 0.4296675191815857
0 0.6083333333333334 0.5396419437340154 0.10666666666666667 0.4040920716112532
0 0.4691666666666667 0.5179028132992328 0.11166666666666668 0.421994884910486
0 0.2575 0.5 0.09833333333333334 0.370843989769821
0 0.18833333333333335 0.5179028132992328 0.1 0.3759590792838875
0 0.16 0.520460358056266 0.08666666666666667 0.32480818414322254
0 0.11750000000000001 0.520460358056266 0.08166666666666667 0.31457800511508954
0 0.06416666666666668 0.5051150895140666 0.07833333333333334 0.29923273657289007
