0 0.04166666666666667 0.7545691906005222 0.08333333333333334 0.42297650130548303
0 0.0625 0.7402088772845953 0.10166666666666667 0.38903394255874674
0 0.10750000000000001 0.804177545691906 0.095 0.36553524804177545
0 0.18000000000000002 0.7859007832898173 0.10666666666666667 0.412532637075718
0 0.31 0.7049608355091384 0.12666666666666668 0.4856396866840731
0 0.4008333333333334 0.7610966057441253 0.12166666666666667 0.46736292428198434
0 0.54 0.7049608355091384 0.12333333333333334 0.4804177545691906
0 0.6000000000000001 0.6579634464751958 0.10333333333333335 0.3968668407310705
0 0.7333333333333334 0.6684073107049608 0.12333333333333334 0.4751958224543081
0 0.9291666666666667 0.7114882506527416 0.14166666666666666 0.545691906005222
0 0.8866666666666667 0.706266318537859 0.12000000000000001 0.46736292428198434
0 0.8716666666666667 0.6631853785900783 0.11666666666666667 0.44386422976501305
