0 0.07427937915742794 0.6950000000000001 0.07760532150776053 0.2966666666666667
0 0.14079822616407983 0.7083333333333334 0.07760532150776053 0.2833333333333333
0 0.1973392461197339 0.6983333333333334 0.08425720620842572 0.31
0 0.25055432372505543 0.7033333333333334 0.07982261640798226 0.29333333333333333
0 0.29490022172949004 0.7066666666666667 0.07982261640798226 0.29333333333333333
0 0.35365853658536583 0.7016666666666667 0.07760532150776053 0.29000000000000004
0 0.39135254988913526 0.7050000000000001 0.07760532150776053 0.2833333333333333
0 0.4356984478935698 0.7066666666666667 0.07317073170731707 0.26666666666666666
0 0.48226164079822614 0.7066666666666667 0.06873614190687362 0.25333333333333335
0 0.5221729490022173 0.7050000000000001 0.06873614190687362 0.26333333333333336
0 0.5631929046563193 0.7033333333333334 0.07095343680709534 0.26666666666666666
0 0.6119733924611973 0.7050000000000001 0.07538802660753881 0.2833333333333333
0 0.6574279379157428 0.7033333333333334 0.07317073170731707 0.28
0 0.6995565410199557 0.7150000000000001 0.07760532150776053 0.29000000000000004
0 0.7472283813747228 0.7150000000000001 0.07095343680709534 0.27
0 0.7982261640798226 0.7100000000000001 0.07538802660753881 0.28
0 0.8425720620842572 0.7150000000000001 0.07095343680709534 0.26333333333333336
0 0.8869179600886918 0.7183333333333334 0.07538802660753881 0.27666666666666667
0 0.9456762749445676 0.7083333333333334 0.07317073170731707 0.27666666666666667
