0 0.124 0.5870870870870871 0.128 0.47147147147147145
0 0.21 0.575075075075075 0.132 0.48348348348348347
0 0.28300000000000003 0.5690690690690691 0.134 0.4894894894894895
0 0.35100000000000003 0.5615615615615616 0.138 0.5165165165165165
0 0.428 0.56006006006006 0.124 0.45945945945945943
0 0.508 0.566066066066066 0.124 0.46546546546546547
0 0.585 0.5645645645645646 0.13 0.4744744744744745
0 0.651 0.5675675675675675 0.13 0.4744744744744745
0 0.715 0.5765765765765766 0.13 0.4804804804804805
0 0.788 0.566066066066066 0.132 0.48348348348348347
0 0.857 0.5525525525525525 0.138 0.5045045045045045
