0 0.7480694980694981 0.5632183908045977 0.22586872586872586 0.82183908045977
0 0.9198841698841699 0.5991379310344828 0.16023166023166024 0.7557471264367815
0 0.2857142857142857 0.6005747126436781 0.15057915057915058 0.5517241379310345
0 0.5125482625482626 0.5991379310344828 0.14092664092664092 0.514367816091954
0 0.3938223938223938 0.5603448275862069 0.12355212355212356 0.4540229885057471
0 0.22586872586872586 0.5617816091954023 0.1312741312741313 0.48563218390804597
0 0.15830115830115832 0.5545977011494253 0.11583011583011583 0.42528735632183906
0 0.0945945945945946 0.5445402298850575 0.0888030888030888 0.32471264367816094
0 0.06660231660231661 0.514367816091954 0.08687258687258688 0.3160919540229885
0 0.5743243243243243 0.5502873563218391 0.11003861003861004 0.4051724137931034
0 0.6563706563706564 0.5272988505747126 0.08494208494208494 0.3074712643678161
