0 0.043510324483775814 0.3876739562624254 0.08112094395280237 0.2743538767395626
0 0.025073746312684365 0.36878727634194824 0.05014749262536873 0.27634194831013914
0 0.07079646017699115 0.37972166998011925 0.09144542772861357 0.30218687872763417
0 0.09660766961651918 0.3866799204771371 0.09292035398230089 0.3041749502982107
0 0.13495575221238937 0.3856858846918489 0.08702064896755163 0.28628230616302186
0 0.18067846607669616 0.3906560636182902 0.09292035398230089 0.3041749502982107
0 0.21755162241887904 0.38270377733598404 0.10176991150442477 0.33598409542743535
0 0.27876106194690264 0.4005964214711729 0.0943952802359882 0.3121272365805169
0 0.33480825958702065 0.3976143141153081 0.10029498525073746 0.33399602385685884
0 0.36430678466076694 0.3856858846918489 0.10914454277286136 0.3578528827037773
0 0.4004424778761062 0.4035785288270377 0.10176991150442477 0.341948310139165
0 0.4830383480825959 0.39662027833001984 0.10766961651917403 0.35984095427435386
0 0.4284660766961652 0.39562624254473155 0.10176991150442477 0.33399602385685884
0 0.7020648967551623 0.4284294234592445 0.12979351032448377 0.4314115308151093
0 0.8178466076696165 0.4214711729622266 0.13421828908554573 0.441351888667992
0 0.9269911504424778 0.4165009940357852 0.13421828908554573 0.44333996023856853
0 0.9019174041297935 0.4274353876739562 0.11946902654867256 0.3976143141153081
0 0.7846607669616519 0.42246520874751486 0.12094395280235988 0.39960238568588463
0 0.6305309734513275 0.4135188866799204 0.1135693215339233 0.3777335984095427
