0 0.17166666666666666 0.7425 0.12333333333333334 0.455
0 0.2677777777777778 0.7383333333333334 0.12222222222222222 0.45
0 0.205 0.7400000000000001 0.12777777777777777 0.4733333333333334
0 0.3227777777777778 0.7516666666666667 0.12111111111111111 0.44333333333333336
0 0.3938888888888889 0.7566666666666667 0.10777777777777778 0.4
0 0.7116666666666667 0.7283333333333334 0.07222222222222222 0.26333333333333336
0 0.6316666666666667 0.7400000000000001 0.07222222222222222 0.27
0 0.5627777777777778 0.7366666666666667 0.07666666666666666 0.28
0 0.4722222222222222 0.7308333333333333 0.07333333333333333 0.26833333333333337
0 0.5033333333333333 0.7316666666666667 0.06666666666666667 0.24333333333333335
0 0.5922222222222222 0.7350000000000001 0.07333333333333333 0.26666666666666666
0 0.6594444444444444 0.7208333333333333 0.06777777777777778 0.24833333333333335
0 0.7783333333333333 0.6825 0.07666666666666666 0.2816666666666667
0 0.8383333333333334 0.6833333333333333 0.06777777777777778 0.24666666666666667
