0 0.335 0.735 0.11 0.41000000000000003
0 0.27 0.7325 0.10666666666666667 0.405
0 0.225 0.7475 0.10333333333333335 0.375
0 0.18500000000000003 0.725 0.11 0.42
0 0.46166666666666667 0.72 0.11 0.42
0 0.5733333333333334 0.76 0.11333333333333334 0.41000000000000003
0 0.8500000000000001 0.7625000000000001 0.12666666666666668 0.465
0 0.9333333333333333 0.6825 0.09333333333333334 0.355
0 0.7766666666666667 0.735 0.13333333333333333 0.5
0 0.11 0.62 0.06666666666666667 0.25
0 0.5 0.6900000000000001 0.1 0.37
0 0.40166666666666667 0.6825 0.05666666666666667 0.20500000000000002
