0 0.057904411764705885 0.4590395480225989 0.11580882352941177 0.5282485875706214
0 0.09191176470588235 0.3601694915254237 0.07352941176470588 0.2853107344632768
0 0.3713235294117647 0.423728813559322 0.16176470588235295 0.6101694915254238
0 0.4310661764705882 0.4717514124293785 0.15625 0.5932203389830508
0 0.5284926470588235 0.4378531073446328 0.18933823529411764 0.711864406779661
0 0.5919117647058824 0.4604519774011299 0.1801470588235294 0.6836158192090396
0 0.6479779411764706 0.4096045197740113 0.15992647058823528 0.5988700564971752
0 0.71875 0.3559322033898305 0.08823529411764705 0.3389830508474576
0 0.7463235294117647 0.3629943502824859 0.08455882352941177 0.3248587570621469
0 0.8189338235294118 0.3742937853107345 0.0900735294117647 0.3361581920903955
0 0.8915441176470588 0.4491525423728814 0.15073529411764705 0.5706214689265536
0 0.9669117647058824 0.3742937853107345 0.0661764705882353 0.3870056497175141
