0 0.066875 0.5769230769230769 0.13375 0.7035647279549718
0 0.088125 0.5656660412757973 0.17375000000000002 0.6397748592870544
0 0.135 0.5544090056285178 0.155 0.5722326454033771
0 0.23125 0.5628517823639775 0.19 0.6979362101313321
0 0.276875 0.5412757973733584 0.18125 0.6660412757973734
0 0.388125 0.5647279549718575 0.18375 0.6754221388367729
0 0.445 0.5215759849906192 0.1675 0.6153846153846154
0 0.49062500000000003 0.4793621013133208 0.12625 0.4634146341463415
0 0.58625 0.5562851782363978 0.2 0.7373358348968105
0 0.8612500000000001 0.5647279549718575 0.195 0.7204502814258912
0 0.80625 0.5347091932457786 0.19 0.701688555347092
0 0.765625 0.5469043151969981 0.16375 0.6060037523452158
0 0.726875 0.5309568480300187 0.14875 0.5478424015009381
0 0.6843750000000001 0.49906191369606 0.12375 0.4540337711069418
