0 0.16625 0.6483333333333334 0.1925 0.63
0 0.36375 0.6583333333333333 0.1925 0.6233333333333334
0 0.9237500000000001 0.6516666666666667 0.1525 0.6433333333333334
0 0.69125 0.5716666666666667 0.1125 0.37000000000000005
0 0.0575 0.5966666666666667 0.115 0.39333333333333337
0 0.0275 0.5616666666666666 0.055 0.3166666666666667
0 0.44875 0.5433333333333333 0.08750000000000001 0.29333333333333333
0 0.5125 0.535 0.085 0.2833333333333333
0 0.83625 0.4866666666666667 0.0475 0.15333333333333335
0 0.75375 0.5066666666666667 0.0575 0.18666666666666668
0 0.635 0.49833333333333335 0.04 0.1366666666666667
0 0.49 0.5366666666666667 0.08 0.26666666666666666
