0 0.031481481481481485 0.511204481792717 0.06296296296296297 0.29971988795518206
0 0.06296296296296297 0.5364145658263305 0.06666666666666667 0.24369747899159663
0 0.09814814814814815 0.5294117647058824 0.07777777777777778 0.2913165266106443
0 0.1814814814814815 0.5378151260504201 0.08888888888888889 0.33053221288515405
0 0.23333333333333334 0.511204481792717 0.08518518518518518 0.3165266106442577
0 0.2935185185185185 0.5378151260504201 0.07962962962962963 0.3025210084033613
0 0.33611111111111114 0.5434173669467787 0.09444444444444444 0.3473389355742297
0 0.37222222222222223 0.542016806722689 0.10370370370370371 0.38375350140056025
0 0.4064814814814815 0.5140056022408963 0.08333333333333334 0.3165266106442577
0 0.4462962962962963 0.5140056022408963 0.08518518518518518 0.32212885154061627
0 0.4916666666666667 0.5434173669467787 0.10185185185185186 0.3753501400560224
0 0.525 0.5406162464985994 0.09074074074074075 0.34173669467787116
0 0.5805555555555556 0.5210084033613446 0.07592592592592592 0.2857142857142857
0 0.6111111111111112 0.5168067226890757 0.0925925925925926 0.3389355742296919
0 0.6462962962962964 0.5224089635854342 0.0962962962962963 0.3557422969187675
0 0.6787037037037037 0.5294117647058824 0.07962962962962963 0.2913165266106443
0 0.7435185185185186 0.5406162464985994 0.09074074074074075 0.33613445378151263
0 0.7703703703703704 0.5350140056022409 0.0962962962962963 0.35294117647058826
0 0.7972222222222223 0.5238095238095238 0.08703703703703704 0.31932773109243695
0 0.8407407407407408 0.5224089635854342 0.07777777777777778 0.288515406162465
0 0.8768518518518519 0.5378151260504201 0.08703703703703704 0.31932773109243695
0 0.9120370370370371 0.5392156862745098 0.07222222222222223 0.27170868347338933
0 0.9500000000000001 0.5294117647058824 0.07407407407407407 0.2801120448179272
