0 0.04666666666666667 0.59 0.030000000000000002 0.1
0 0.065 0.5922222222222222 0.03333333333333333 0.11333333333333333
0 0.08833333333333333 0.6066666666666667 0.04 0.1288888888888889
0 0.1125 0.6155555555555555 0.04166666666666667 0.13777777777777778
0 0.14500000000000002 0.6277777777777778 0.04666666666666667 0.15777777777777777
0 0.18416666666666667 0.5888888888888889 0.035 0.11555555555555555
0 0.21750000000000003 0.5877777777777777 0.03833333333333334 0.12666666666666668
0 0.24500000000000002 0.6 0.04 0.13777777777777778
0 0.2841666666666667 0.6133333333333333 0.045000000000000005 0.1511111111111111
0 0.3175 0.59 0.03166666666666667 0.10888888888888888
0 0.3491666666666667 0.59 0.03833333333333334 0.12666666666666668
0 0.41500000000000004 0.6011111111111112 0.04 0.13555555555555557
0 0.43750000000000006 0.5877777777777777 0.035 0.12222222222222222
0 0.4841666666666667 0.5988888888888889 0.035 0.11777777777777777
0 0.5525 0.5855555555555556 0.03166666666666667 0.10444444444444445
0 0.6175 0.6033333333333334 0.03833333333333334 0.13111111111111112
0 0.6333333333333334 0.6077777777777778 0.043333333333333335 0.14
0 0.6466666666666667 0.6133333333333333 0.04 0.13777777777777778
0 0.7225 0.5888888888888889 0.035 0.11555555555555555
0 0.755 0.5988888888888889 0.03666666666666667 0.12222222222222222
0 0.7716666666666667 0.6166666666666667 0.04666666666666667 0.15777777777777777
0 0.8016666666666667 0.6277777777777778 0.05 0.1711111111111111
0 0.8391666666666667 0.5888888888888889 0.03833333333333334 0.1288888888888889
0 0.8591666666666667 0.6 0.04166666666666667 0.13333333333333333
0 0.8875000000000001 0.6066666666666667 0.04833333333333334 0.16
0 0.9291666666666667 0.6333333333333333 0.04833333333333334 0.16
