0 0.48882352941176466 0.5091666666666667 0.19176470588235292 0.6683333333333333
0 0.9205882352941176 0.4791666666666667 0.1588235294117647 0.7116666666666667
0 0.8547058823529411 0.5183333333333333 0.16823529411764704 0.5833333333333334
0 0.7423529411764705 0.56 0.12941176470588234 0.45
0 0.6988235294117646 0.5391666666666667 0.12941176470588234 0.44833333333333336
0 0.6111764705882352 0.5533333333333333 0.10470588235294116 0.36333333333333334
0 0.3576470588235294 0.5516666666666667 0.15999999999999998 0.5566666666666668
0 0.25705882352941173 0.5866666666666667 0.11176470588235293 0.39
0 0.21352941176470586 0.5958333333333333 0.11176470588235293 0.38833333333333336
0 0.11823529411764705 0.6000000000000001 0.10705882352941176 0.37000000000000005
0 0.15823529411764706 0.6041666666666667 0.10235294117647058 0.35833333333333334
0 0.03529411764705882 0.615 0.07058823529411765 0.3666666666666667
